vn_genomes,c00,c10,c01,c11,c1s,c_sum
HG02513,8,0,0,6,6,14
HG02138,7,0,7,0,7,14
HG02075,7,2,0,5,7,14
HG02031,8,0,6,0,6,14
HG02084,8,0,0,6,6,14
HG02047,8,5,0,1,6,14
HG01597,7,1,0,6,7,14
HG01849,7,1,0,6,7,14
HG02023,6,1,5,2,8,14
HG01846,13,1,0,0,1,14
HG02081,8,0,0,6,6,14
HG01599,7,1,0,6,7,14
HG01866,7,0,0,7,7,14
HG02064,7,7,0,0,7,14
HG02069,7,7,0,0,7,14
HG02087,8,6,0,0,6,14
HG02017,8,6,0,0,6,14
HG01864,7,1,4,2,7,14
HG01868,7,1,0,6,7,14
HG01596,8,0,0,6,6,14
HG02072,8,0,6,0,6,14
HG02079,7,0,1,6,7,14
HG01600,7,0,0,7,7,14
HG02140,8,0,6,0,6,14
HG01841,8,0,0,6,6,14
HG02020,8,6,0,0,6,14
HG01878,8,0,0,6,6,14
HG02085,7,0,1,6,7,14
HG01598,14,0,0,0,0,14
HG01872,8,0,0,6,6,14
HG02073,7,1,0,6,7,14
HG01845,8,0,0,6,6,14
HG02032,8,0,5,1,6,14
HG02088,8,0,0,6,6,14
HG01840,7,7,0,0,7,14
HG01855,9,5,0,0,5,14
HG02050,8,6,0,0,6,14
HG01844,7,0,0,7,7,14
HG02067,11,3,0,0,3,14
HG02133,8,0,6,0,6,14
HG02127,8,3,0,3,6,14
HG02512,8,0,6,0,6,14
HG02040,8,5,0,1,6,14
HG01859,8,0,0,6,6,14
HG02078,7,0,1,6,7,14
HG02070,12,2,0,0,2,14
HG02029,7,0,1,6,7,14
HG02116,8,6,0,0,6,14
HG01842,8,0,6,0,6,14
HG01867,8,3,0,3,6,14
HG02060,8,6,0,0,6,14
HG01843,7,0,2,5,7,14
HG02028,8,0,0,6,6,14
HG01861,7,7,0,0,7,14
HG01869,8,6,0,0,6,14
HG01865,7,7,0,0,7,14
HG01848,7,4,1,2,7,14
HG02048,8,1,0,5,6,14
HG02130,8,6,0,0,6,14
HG01595,14,0,0,0,0,14
HG01860,8,0,6,0,6,14
HG01853,6,1,1,6,8,14
HG02139,7,7,0,0,7,14
HG02121,8,0,1,5,6,14
HG01858,7,5,1,1,7,14
HG02058,7,7,0,0,7,14
HG02076,7,2,0,5,7,14
HG02131,7,0,7,0,7,14
HG02522,7,0,7,0,7,14
HG02019,13,0,1,0,1,14
HG01851,6,5,1,2,8,14
HG02016,13,1,0,0,1,14
HG01874,8,0,3,3,6,14
HG02057,8,0,0,6,6,14
HG02521,8,6,0,0,6,14
HG02035,7,1,0,6,7,14
HG02025,8,0,0,6,6,14
HG02128,7,0,1,6,7,14
HG01862,11,2,0,1,3,14
HG02134,8,0,0,6,6,14
HG02082,8,0,6,0,6,14
HG02122,5,2,1,6,9,14
HG01870,9,5,0,0,5,14
HG02136,7,0,4,3,7,14
HG01852,11,3,0,0,3,14
HG02137,7,0,1,6,7,14
HG01850,8,0,6,0,6,14
HG01857,8,6,0,0,6,14
HG02061,11,3,0,0,3,14
HG02142,7,7,0,0,7,14
HG01863,8,5,0,1,6,14
HG02026,8,0,3,3,6,14
HG01871,11,0,3,0,3,14
HG02141,7,1,4,2,7,14
HG01873,6,0,8,0,8,14
HG02049,8,3,0,3,6,14
HG02086,8,0,6,0,6,14
HG02113,7,0,1,6,7,14
HG01847,8,0,6,0,6,14
