vn_genome_ids,c00,c10,c01,c11,c1s,c_sum
HG02513,72,11,10,13,34,106
HG02138,85,0,0,21,21,106
HG02075,82,3,0,21,24,106
HG02031,88,10,3,5,18,106
HG02084,76,9,8,13,30,106
HG02047,88,0,0,18,18,106
HG01597,85,3,13,5,21,106
HG01849,79,8,12,7,27,106
HG02023,74,10,16,6,32,106
HG01846,79,5,19,3,27,106
HG02081,83,1,1,21,23,106
HG01599,92,0,0,14,14,106
HG01866,85,0,0,21,21,106
HG02064,84,0,1,21,22,106
HG02069,72,16,13,5,34,106
HG02087,75,9,9,13,31,106
HG02017,75,16,8,7,31,106
HG01864,86,1,1,18,20,106
HG01868,72,16,11,7,34,106
HG01596,77,8,14,7,29,106
HG02072,73,9,17,7,33,106
HG02079,77,8,14,7,29,106
HG01600,83,15,3,5,23,106
HG02140,78,20,5,3,28,106
HG01841,83,0,2,21,23,106
HG02020,77,15,7,7,29,106
HG01878,70,14,17,5,36,106
HG02085,82,0,2,22,24,106
HG01598,84,1,0,21,22,106
HG01872,82,3,12,9,24,106
HG02073,73,11,15,7,33,106
HG01845,74,9,9,14,32,106
HG02032,77,8,14,7,29,106
HG02088,70,17,14,5,36,106
HG01840,75,8,9,14,31,106
HG01855,87,11,3,5,19,106
HG02050,77,8,14,7,29,106
HG01844,75,16,8,7,31,106
HG02067,88,0,0,18,18,106
HG02133,88,0,0,18,18,106
HG02127,69,12,18,7,37,106
HG02512,84,0,1,21,22,106
HG02040,84,0,1,21,22,106
HG01859,82,1,2,21,24,106
HG02078,78,7,19,2,28,106
HG02070,74,14,11,7,32,106
HG02029,73,14,12,7,33,106
HG02116,78,5,20,3,28,106
HG01842,74,11,8,13,32,106
HG01867,73,11,15,7,33,106
HG02060,75,9,9,13,31,106
HG01843,77,14,8,7,29,106
HG02028,71,12,16,7,35,106
HG01861,75,9,9,13,31,106
HG01869,77,7,8,14,29,106
HG01865,84,0,0,22,22,106
HG01848,73,11,15,7,33,106
HG02048,74,9,9,14,32,106
HG02130,76,8,8,14,30,106
HG01595,76,9,8,13,30,106
HG01860,87,4,10,5,19,106
HG01853,69,14,18,5,37,106
HG02139,80,11,8,7,26,106
HG02121,84,13,4,5,22,106
HG01858,79,9,11,7,27,106
HG02058,80,8,11,7,26,106
HG02076,80,5,18,3,26,106
HG02131,75,15,9,7,31,106
HG02522,87,11,3,5,19,106
HG02019,74,11,14,7,32,106
HG01851,90,1,1,14,16,106
HG02016,77,8,8,13,29,106
HG01874,85,0,0,21,21,106
HG02057,84,1,0,21,22,106
HG02521,73,11,15,7,33,106
HG02035,78,14,6,8,28,106
HG02025,73,11,15,7,33,106
HG02128,74,11,14,7,32,106
HG01862,81,7,13,5,25,106
HG02134,84,0,0,22,22,106
HG02082,80,11,8,7,26,106
HG02122,87,0,1,18,19,106
HG01870,71,13,15,7,35,106
HG02136,82,1,1,22,24,106
HG01852,81,7,11,7,25,106
HG02137,77,8,8,13,29,106
HG01850,88,2,2,14,18,106
HG01857,71,14,16,5,35,106
HG02061,78,12,9,7,28,106
HG02142,75,16,8,7,31,106
HG01863,75,9,9,13,31,106
HG02026,79,5,19,3,27,106
HG01871,79,19,5,3,27,106
HG02141,74,14,11,7,32,106
HG01873,73,14,12,7,33,106
HG02049,77,8,7,14,29,106
HG02086,84,1,0,21,22,106
HG02113,81,18,4,3,25,106
HG01847,84,3,0,19,22,106
