vn_genomes,c00,c10,c01,c11,c1s,c_sum
HG02513,100,16,34,26,76,176
HG02138,132,2,5,37,44,176
HG02075,118,28,20,10,58,176
HG02031,105,32,13,26,71,176
HG02084,105,14,32,25,71,176
HG02047,132,6,2,36,44,176
HG01597,145,2,1,28,31,176
HG01849,122,6,22,26,54,176
HG02023,97,31,19,29,79,176
HG01846,108,24,41,3,68,176
HG02081,104,24,33,15,72,176
HG01599,114,22,37,3,62,176
HG01866,132,5,2,37,44,176
HG02064,114,44,4,14,62,176
HG02069,107,39,26,4,69,176
HG02087,109,25,38,4,67,176
HG02017,110,38,24,4,66,176
HG01864,104,32,14,26,72,176
HG01868,112,24,36,4,64,176
HG01596,101,18,47,10,75,176
HG02072,131,2,6,37,45,176
HG02079,113,25,35,3,63,176
HG01600,115,3,0,58,61,176
HG02140,131,6,2,37,45,176
HG01841,115,1,3,57,61,176
HG02020,109,39,24,4,67,176
HG01878,97,18,52,9,79,176
HG02085,112,22,25,17,64,176
HG01598,105,14,32,25,71,176
HG01872,98,20,42,16,78,176
HG02073,103,15,34,24,73,176
HG01845,137,0,0,39,39,176
HG02032,101,18,48,9,75,176
HG02088,98,21,35,22,78,176
HG01840,132,6,2,36,44,176
HG01855,99,19,48,10,77,176
HG02050,111,25,24,16,65,176
HG01844,132,1,2,41,44,176
HG02067,101,16,50,9,75,176
HG02133,97,37,20,22,79,176
HG02127,103,34,13,26,73,176
HG02512,107,30,13,26,69,176
HG02040,130,4,5,37,46,176
HG01859,112,36,24,4,64,176
HG02078,114,22,37,3,62,176
HG02070,134,1,0,41,42,176
HG02029,107,13,31,25,69,176
HG02116,108,26,32,10,68,176
HG01842,101,17,48,10,75,176
HG01867,114,24,20,18,62,176
HG02060,98,20,47,11,78,176
HG01843,111,24,37,4,65,176
HG02028,101,49,16,10,75,176
HG01861,102,18,47,9,74,176
HG01869,101,45,19,11,75,176
HG01865,103,14,33,26,73,176
HG01848,111,37,24,4,65,176
HG02048,131,3,5,37,45,176
HG02130,116,21,36,3,60,176
HG01595,113,25,22,16,63,176
HG01860,104,33,13,26,72,176
HG01853,106,41,25,4,70,176
HG02139,100,18,49,9,76,176
HG02121,103,13,34,26,73,176
HG01858,104,32,15,25,72,176
HG02058,111,25,36,4,65,176
HG02076,137,0,0,39,39,176
HG02131,113,35,24,4,63,176
HG02522,111,27,35,3,65,176
HG02019,126,22,2,26,50,176
HG01851,117,15,32,12,59,176
HG02016,146,1,5,24,30,176
HG01874,145,1,6,24,31,176
HG02057,103,35,14,24,73,176
HG02521,112,21,39,4,64,176
HG02035,112,21,40,3,64,176
HG02025,109,23,26,18,67,176
HG02128,131,3,5,37,45,176
HG01862,105,12,34,25,71,176
HG02134,97,36,21,22,79,176
HG02082,103,14,33,26,73,176
HG02122,107,30,13,26,69,176
HG01870,131,2,6,37,45,176
HG02136,129,5,10,32,47,176
HG01852,133,1,1,41,43,176
HG02137,111,12,26,27,65,176
HG01850,112,35,25,4,64,176
HG01857,95,36,23,22,81,176
HG02061,135,1,1,39,41,176
HG02142,111,36,25,4,65,176
HG01863,112,35,25,4,64,176
HG02026,138,10,4,24,38,176
HG01871,117,21,20,18,59,176
HG02141,148,0,1,27,28,176
HG01873,148,1,0,27,28,176
HG02049,114,11,23,28,62,176
HG02086,112,22,25,17,64,176
HG02113,110,26,4,36,66,176
HG01847,136,2,0,38,40,176
