vn_genomes,c00,c10,c01,c11,c1s,c_sum
HG02513,4548,295,464,786,1545,6093
HG02138,4573,244,322,954,1520,6093
HG02075,3990,667,885,551,2103,6093
HG02031,4313,486,670,624,1780,6093
HG02084,4818,168,342,765,1275,6093
HG02047,4598,476,226,793,1495,6093
HG01597,4539,243,497,814,1554,6093
HG01849,4726,231,144,992,1367,6093
HG02023,4485,505,294,809,1608,6093
HG01846,4401,428,587,677,1692,6093
HG02081,4712,353,386,642,1381,6093
HG01599,4277,429,841,546,1816,6093
HG01866,4537,455,401,700,1556,6093
HG02064,4162,777,716,438,1931,6093
HG02069,4776,159,364,794,1317,6093
HG02087,4182,550,577,784,1911,6093
HG02017,4731,310,529,523,1362,6093
HG01864,4098,678,673,644,1995,6093
HG01868,4649,298,329,817,1444,6093
HG01596,4725,494,250,624,1368,6093
HG02072,4596,168,304,1025,1497,6093
HG02079,4757,204,196,936,1336,6093
HG01600,4447,357,428,861,1646,6093
HG02140,4345,296,516,936,1748,6093
HG01841,4396,482,264,951,1697,6093
HG02020,4719,264,705,405,1374,6093
HG01878,4158,658,659,618,1935,6093
HG02085,4554,302,723,514,1539,6093
HG01598,4703,181,380,829,1390,6093
HG01872,4305,615,285,888,1788,6093
HG02073,4375,266,767,685,1718,6093
HG01845,3913,888,706,586,2180,6093
HG02032,4260,565,644,624,1833,6093
HG02088,4345,524,526,698,1748,6093
HG01840,4519,429,450,695,1574,6093
HG01855,4594,550,385,564,1499,6093
HG02050,4530,463,256,844,1563,6093
HG01844,4690,324,405,674,1403,6093
HG02067,4328,408,505,852,1765,6093
HG02133,4298,804,455,536,1795,6093
HG02127,4229,891,352,621,1864,6093
HG02512,4535,308,554,696,1558,6093
HG02040,4341,265,458,1029,1752,6093
HG01859,4391,480,355,867,1702,6093
HG02078,4224,544,544,781,1869,6093
HG02070,4405,501,249,938,1688,6093
HG02029,4705,337,164,887,1388,6093
HG02116,4221,800,514,558,1872,6093
HG01842,4035,581,855,622,2058,6093
HG01867,4558,406,369,760,1535,6093
HG02060,4768,655,211,459,1325,6093
HG01843,4526,304,300,963,1567,6093
HG02028,4330,708,521,534,1763,6093
HG01861,4805,159,143,986,1288,6093
HG01869,4219,399,592,883,1874,6093
HG01865,4755,368,251,719,1338,6093
HG01848,4543,428,288,834,1550,6093
HG02048,4298,597,655,543,1795,6093
HG02130,4566,150,377,1000,1527,6093
HG01595,4529,418,390,756,1564,6093
HG01860,4388,291,707,707,1705,6093
HG01853,4291,589,641,572,1802,6093
HG02139,4599,304,284,906,1494,6093
HG02121,4459,765,340,529,1634,6093
HG01858,4060,857,636,540,2033,6093
HG02058,4217,714,275,887,1876,6093
HG02076,4460,550,208,875,1633,6093
HG02131,4345,207,728,813,1748,6093
HG02522,4452,616,520,505,1641,6093
HG02019,4365,372,918,438,1728,6093
HG01851,4466,236,437,954,1627,6093
HG02016,4158,621,518,796,1935,6093
HG01874,4271,723,287,812,1822,6093
HG02057,4533,463,639,458,1560,6093
HG02521,4310,615,383,785,1783,6093
HG02035,4573,247,246,1027,1520,6093
HG02025,4122,721,316,934,1971,6093
HG02128,5015,360,235,483,1078,6093
HG01862,4382,270,447,994,1711,6093
HG02134,4347,615,309,822,1746,6093
HG02082,4484,329,291,989,1609,6093
HG02122,4559,283,449,802,1534,6093
HG01870,4591,264,721,517,1502,6093
HG02136,4581,264,670,578,1512,6093
HG01852,4385,690,220,798,1708,6093
HG02137,4100,366,1138,489,1993,6093
HG01850,4293,258,781,761,1800,6093
HG01857,4361,632,577,523,1732,6093
HG02061,4597,283,719,494,1496,6093
HG02142,4364,542,341,846,1729,6093
HG01863,4474,463,208,948,1619,6093
HG02026,4560,724,204,605,1533,6093
HG01871,4281,701,434,677,1812,6093
HG02141,4299,648,518,628,1794,6093
HG01873,4554,230,415,894,1539,6093
HG02049,4711,513,215,654,1382,6093
HG02086,4670,374,373,676,1423,6093
HG02113,4742,176,292,883,1351,6093
HG01847,4719,254,375,745,1374,6093
