vn_genomes,c00,c10,c01,c11,c1s,c_sum
HG02513,505,17,17,30,64,569
HG02138,436,4,126,3,133,569
HG02075,436,2,6,125,133,569
HG02031,374,66,73,56,195,569
HG02084,522,43,0,4,47,569
HG02047,418,119,14,18,151,569
HG01597,420,102,21,26,149,569
HG01849,379,60,61,69,190,569
HG02023,515,4,46,4,54,569
HG01846,442,79,6,42,127,569
HG02081,418,102,23,26,151,569
HG01599,424,98,18,29,145,569
HG01866,419,31,101,18,150,569
HG02064,379,63,65,62,190,569
HG02069,428,16,91,34,141,569
HG02087,440,123,2,4,129,569
HG02017,394,47,49,79,175,569
HG01864,396,51,44,78,173,569
HG01868,422,21,24,102,147,569
HG01596,485,77,4,3,84,569
HG02072,427,60,2,80,142,569
HG02079,441,1,123,4,128,569
HG01600,522,41,2,4,47,569
HG02140,435,2,128,4,134,569
HG01841,438,125,1,5,131,569
HG02020,426,15,93,35,143,569
HG01878,520,2,4,43,49,569
HG02085,442,1,122,4,127,569
HG01598,514,5,46,4,55,569
HG01872,391,50,50,78,178,569
HG02073,504,18,18,29,65,569
HG01845,517,1,47,4,52,569
HG02032,430,131,4,4,139,569
HG02088,428,13,93,35,141,569
HG01840,436,3,89,41,133,569
HG01855,421,26,104,18,148,569
HG02050,517,4,43,5,52,569
HG01844,427,19,94,29,142,569
HG02067,420,99,14,36,149,569
HG02133,391,59,50,69,178,569
HG02127,441,1,0,127,128,569
HG02512,517,1,4,47,52,569
HG02040,517,6,2,44,52,569
HG01859,416,27,26,100,153,569
HG02078,442,83,1,43,127,569
HG02070,441,7,117,4,128,569
HG02029,419,101,29,20,150,569
HG02116,425,19,99,26,144,569
HG01842,366,81,66,56,203,569
HG01867,389,55,54,71,180,569
HG02060,501,19,18,31,68,569
HG01843,437,122,5,5,132,569
HG02028,421,101,22,25,148,569
HG01861,420,29,25,95,149,569
HG01869,441,0,124,4,128,569
HG01865,425,7,5,132,144,569
HG01848,520,44,1,4,49,569
HG02048,367,71,62,69,202,569
HG02130,396,45,33,95,173,569
HG01595,418,30,103,18,151,569
HG01860,443,4,118,4,126,569
HG01853,374,55,61,79,195,569
HG02139,391,51,47,80,178,569
HG02121,378,62,66,63,191,569
HG01858,421,105,26,17,148,569
HG02058,519,0,15,35,50,569
HG02076,424,3,138,4,145,569
HG02131,383,61,61,64,186,569
HG02522,507,14,36,12,62,569
HG02019,378,61,68,62,191,569
HG01851,394,50,45,80,175,569
HG02016,414,108,17,30,155,569
HG01874,436,126,4,3,133,569
HG02057,425,21,94,29,144,569
HG02521,414,25,28,102,155,569
HG02035,396,40,45,88,173,569
HG02025,435,6,124,4,134,569
HG02128,380,63,64,62,189,569
HG01862,435,1,129,4,134,569
HG02134,431,13,90,35,138,569
HG02082,443,2,120,4,126,569
HG02122,416,30,102,21,153,569
HG01870,425,112,17,15,144,569
HG02136,439,3,3,124,130,569
HG01852,398,84,47,40,171,569
HG02137,560,4,1,4,9,569
HG01850,385,58,54,72,184,569
HG01857,379,67,69,54,190,569
HG02061,517,5,43,4,52,569
HG02142,514,5,7,43,55,569
HG01863,416,26,29,98,153,569
HG02026,419,20,101,29,150,569
HG01871,393,56,49,71,176,569
HG02141,433,127,4,5,136,569
HG01873,434,86,7,42,135,569
HG02049,445,116,3,5,124,569
HG02086,398,45,44,82,171,569
HG02113,498,19,35,17,71,569
HG01847,427,8,4,130,142,569
