vn_genome_ids,c00,c10,c01,c11,c1s,c_sum
HG02513,62,6,3,0,9,71
HG02138,58,4,7,2,13,71
HG02075,65,1,5,0,6,71
HG02031,59,5,5,2,12,71
HG02084,65,0,1,5,6,71
HG02047,58,6,5,2,13,71
HG01597,70,0,1,0,1,71
HG01849,65,5,1,0,6,71
HG02023,65,2,0,4,6,71
HG01846,70,0,1,0,1,71
HG02081,65,6,0,0,6,71
HG01599,66,5,0,0,5,71
HG01866,60,3,6,2,11,71
HG02064,63,1,7,0,8,71
HG02069,66,5,0,0,5,71
HG02087,59,4,7,1,12,71
HG02017,70,0,1,0,1,71
HG01864,59,6,4,2,12,71
HG01868,62,0,9,0,9,71
HG01596,64,1,6,0,7,71
HG02072,66,0,5,0,5,71
HG02079,70,0,1,0,1,71
HG01600,64,7,0,0,7,71
HG02140,71,0,0,0,0,71
HG01841,64,0,2,5,7,71
HG02020,64,5,2,0,7,71
HG01878,66,4,0,1,5,71
HG02085,66,0,0,5,5,71
HG01598,64,5,2,0,7,71
HG01872,70,1,0,0,1,71
HG02073,62,4,1,4,9,71
HG01845,71,0,0,0,0,71
HG02032,65,0,6,0,6,71
HG02088,60,4,5,2,11,71
HG01840,67,4,0,0,4,71
HG01855,62,3,6,0,9,71
HG02050,60,8,3,0,11,71
HG01844,63,5,3,0,8,71
HG02067,62,5,4,0,9,71
HG02133,66,4,1,0,5,71
HG02127,64,5,2,0,7,71
HG02512,64,7,0,0,7,71
HG02040,66,1,0,4,5,71
HG01859,64,0,2,5,7,71
HG02078,62,0,9,0,9,71
HG02070,70,1,0,0,1,71
HG02029,61,7,3,0,10,71
HG02116,61,5,4,1,10,71
HG01842,65,1,5,0,6,71
HG01867,66,0,1,4,5,71
HG02060,64,6,1,0,7,71
HG01843,71,0,0,0,0,71
HG02028,64,1,6,0,7,71
HG01861,69,0,2,0,2,71
HG01869,69,1,1,0,2,71
HG01865,59,7,3,2,12,71
HG01848,70,0,1,0,1,71
HG02048,65,0,6,0,6,71
HG02130,65,0,6,0,6,71
HG01595,60,2,9,0,11,71
HG01860,68,3,0,0,3,71
HG01853,66,0,0,5,5,71
HG02139,71,0,0,0,0,71
HG02121,68,2,1,0,3,71
HG01858,59,3,7,2,12,71
HG02058,61,9,1,0,10,71
HG02076,69,0,2,0,2,71
HG02131,70,1,0,0,1,71
HG02522,71,0,0,0,0,71
HG02019,66,0,0,5,5,71
HG01851,70,1,0,0,1,71
HG02016,65,1,1,4,6,71
HG01874,63,3,2,3,8,71
HG02057,64,7,0,0,7,71
HG02521,61,9,1,0,10,71
HG02035,62,4,5,0,9,71
HG02025,68,2,1,0,3,71
HG02128,59,3,7,2,12,71
HG01862,63,8,0,0,8,71
HG02134,66,1,4,0,5,71
HG02082,69,1,1,0,2,71
HG02122,64,2,0,5,7,71
HG01870,61,6,4,0,10,71
HG02136,66,0,5,0,5,71
HG01852,52,14,2,3,19,71
HG02137,63,2,3,3,8,71
HG01850,66,0,5,0,5,71
HG01857,66,0,5,0,5,71
HG02061,66,0,5,0,5,71
HG02142,61,3,1,6,10,71
HG01863,62,0,9,0,9,71
HG02026,69,1,1,0,2,71
HG01871,65,1,1,4,6,71
HG02141,70,0,1,0,1,71
HG01873,65,5,1,0,6,71
HG02049,66,0,1,4,5,71
HG02086,70,1,0,0,1,71
HG02113,62,8,1,0,9,71
HG01847,71,0,0,0,0,71
