vn_genomes,c00,c10,c01,c11,c1s,c_sum
HG02513,8,8,0,1,9,17
HG02138,8,6,0,3,9,17
HG02075,13,3,0,1,4,17
HG02031,8,0,8,1,9,17
HG02084,15,0,1,1,2,17
HG02047,8,0,6,3,9,17
HG01597,14,2,0,1,3,17
HG01849,13,3,0,1,4,17
HG02023,8,0,8,1,9,17
HG01846,16,0,0,1,1,17
HG02081,8,8,0,1,9,17
HG01599,8,8,0,1,9,17
HG01866,8,6,0,3,9,17
HG02064,16,0,0,1,1,17
HG02069,14,0,0,3,3,17
HG02087,13,0,3,1,4,17
HG02017,11,2,2,2,6,17
HG01864,8,6,0,3,9,17
HG01868,10,4,0,3,7,17
HG01596,14,0,2,1,3,17
HG02072,16,0,0,1,1,17
HG02079,15,0,1,1,2,17
HG01600,16,0,0,1,1,17
HG02140,16,0,0,1,1,17
HG01841,14,0,1,2,3,17
HG02020,16,0,0,1,1,17
HG01878,8,0,8,1,9,17
HG02085,15,1,0,1,2,17
HG01598,14,2,0,1,3,17
HG01872,15,1,0,1,2,17
HG02073,8,0,7,2,9,17
HG01845,16,0,0,1,1,17
HG02032,8,0,1,8,9,17
HG02088,10,0,6,1,7,17
HG01840,12,1,2,2,5,17
HG01855,14,2,0,1,3,17
HG02050,10,0,5,2,7,17
HG01844,14,1,0,2,3,17
HG02067,15,0,1,1,2,17
HG02133,8,0,0,9,9,17
HG02127,8,8,0,1,9,17
HG02512,16,0,0,1,1,17
HG02040,14,0,2,1,3,17
HG01859,8,8,0,1,9,17
HG02078,15,0,1,1,2,17
HG02070,14,0,0,3,3,17
HG02029,14,0,2,1,3,17
HG02116,14,2,0,1,3,17
HG01842,8,6,0,3,9,17
HG01867,15,0,1,1,2,17
HG02060,16,0,0,1,1,17
HG01843,14,1,0,2,3,17
HG02028,8,8,0,1,9,17
HG01861,8,8,0,1,9,17
HG01869,8,0,0,9,9,17
HG01865,15,0,1,1,2,17
HG01848,8,8,0,1,9,17
HG02048,16,0,0,1,1,17
HG02130,8,8,0,1,9,17
HG01595,14,1,0,2,3,17
HG01860,16,0,0,1,1,17
HG01853,10,0,6,1,7,17
HG02139,8,8,0,1,9,17
HG02121,16,0,0,1,1,17
HG01858,8,0,8,1,9,17
HG02058,16,0,0,1,1,17
HG02076,16,0,0,1,1,17
HG02131,13,3,0,1,4,17
HG02522,16,0,0,1,1,17
HG02019,15,0,1,1,2,17
HG01851,8,8,0,1,9,17
HG02016,14,0,1,2,3,17
HG01874,16,0,0,1,1,17
HG02057,16,0,0,1,1,17
HG02521,13,0,3,1,4,17
HG02035,14,2,0,1,3,17
HG02025,14,0,0,3,3,17
HG02128,14,0,2,1,3,17
HG01862,14,0,2,1,3,17
HG02134,14,0,2,1,3,17
HG02082,14,0,2,1,3,17
HG02122,15,0,1,1,2,17
HG01870,13,0,3,1,4,17
HG02136,10,6,0,1,7,17
HG01852,13,3,0,1,4,17
HG02137,16,0,0,1,1,17
HG01850,14,0,2,1,3,17
HG01857,14,0,2,1,3,17
HG02061,8,0,6,3,9,17
HG02142,16,0,0,1,1,17
HG01863,8,0,0,9,9,17
HG02026,8,8,0,1,9,17
HG01871,14,0,1,2,3,17
HG02141,14,0,2,1,3,17
HG01873,10,0,6,1,7,17
HG02049,8,8,0,1,9,17
HG02086,14,2,0,1,3,17
HG02113,8,8,0,1,9,17
HG01847,8,0,8,1,9,17
