vn_genomes,c00,c10,c01,c11,c1s,c_sum
HG02513,27,0,0,11,11,38
HG02138,27,0,0,11,11,38
HG02075,32,0,6,0,6,38
HG02031,25,2,0,11,13,38
HG02084,27,0,11,0,11,38
HG02047,25,2,0,11,13,38
HG01597,26,0,12,0,12,38
HG01849,27,0,0,11,11,38
HG02023,38,0,0,0,0,38
HG01846,27,0,11,0,11,38
HG02081,24,3,8,3,14,38
HG01599,27,11,0,0,11,38
HG01866,27,0,11,0,11,38
HG02064,23,11,3,1,15,38
HG02069,28,0,10,0,10,38
HG02087,27,11,0,0,11,38
HG02017,24,8,3,3,14,38
HG01864,38,0,0,0,0,38
HG01868,24,3,8,3,14,38
HG01596,23,3,9,3,15,38
HG02072,27,0,0,11,11,38
HG02079,26,1,0,11,12,38
HG01600,28,10,0,0,10,38
HG02140,28,10,0,0,10,38
HG01841,26,0,12,0,12,38
HG02020,27,11,0,0,11,38
HG01878,27,0,0,11,11,38
HG02085,27,1,0,10,11,38
HG01598,24,10,3,1,14,38
HG01872,22,9,4,3,16,38
HG02073,32,0,6,0,6,38
HG01845,24,3,8,3,14,38
HG02032,27,0,0,11,11,38
HG02088,24,8,3,3,14,38
HG01840,24,8,3,3,14,38
HG01855,27,11,0,0,11,38
HG02050,26,12,0,0,12,38
HG01844,33,0,5,0,5,38
HG02067,27,0,11,0,11,38
HG02133,22,10,3,3,16,38
HG02127,27,0,0,11,11,38
HG02512,24,3,10,1,14,38
HG02040,32,6,0,0,6,38
HG01859,27,0,11,0,11,38
HG02078,27,0,0,11,11,38
HG02070,26,1,0,11,12,38
HG02029,26,1,11,0,12,38
HG02116,27,11,0,0,11,38
HG01842,27,0,0,11,11,38
HG01867,27,0,11,0,11,38
HG02060,27,0,11,0,11,38
HG01843,38,0,0,0,0,38
HG02028,37,1,0,0,1,38
HG01861,24,3,8,3,14,38
HG01869,23,3,9,3,15,38
HG01865,24,8,3,3,14,38
HG01848,27,0,0,11,11,38
HG02048,23,6,4,5,15,38
HG02130,27,0,0,11,11,38
HG01595,27,0,0,11,11,38
HG01860,27,0,0,11,11,38
HG01853,27,11,0,0,11,38
HG02139,25,0,0,13,13,38
HG02121,26,12,0,0,12,38
HG01858,26,0,12,0,12,38
HG02058,23,3,9,3,15,38
HG02076,27,0,0,11,11,38
HG02131,27,0,0,11,11,38
HG02522,31,0,1,6,7,38
HG02019,38,0,0,0,0,38
HG01851,27,0,11,0,11,38
HG02016,27,0,11,0,11,38
HG01874,26,0,12,0,12,38
HG02057,32,6,0,0,6,38
HG02521,27,0,11,0,11,38
HG02035,38,0,0,0,0,38
HG02025,24,8,3,3,14,38
HG02128,27,0,0,11,11,38
HG01862,24,8,3,3,14,38
HG02134,24,8,3,3,14,38
HG02082,26,0,1,11,12,38
HG02122,27,0,0,11,11,38
HG01870,38,0,0,0,0,38
HG02136,26,1,0,11,12,38
HG01852,23,4,8,3,15,38
HG02137,32,0,2,4,6,38
HG01850,31,1,6,0,7,38
HG01857,26,1,0,11,12,38
HG02061,38,0,0,0,0,38
HG02142,25,0,2,11,13,38
HG01863,24,3,8,3,14,38
HG02026,27,0,0,11,11,38
HG01871,26,11,1,0,12,38
HG02141,24,3,8,3,14,38
HG01873,23,6,4,5,15,38
HG02049,26,12,0,0,12,38
HG02086,26,0,12,0,12,38
HG02113,32,6,0,0,6,38
HG01847,27,0,11,0,11,38
