vn_genome_ids,c00,c10,c01,c11,c1s,c_sum
HG02513,145,1,7,2,10,155
HG02138,108,2,41,4,47,155
HG02075,148,0,5,2,7,155
HG02031,101,1,51,2,54,155
HG02084,147,5,1,2,8,155
HG02047,153,0,0,2,2,155
HG01597,99,1,53,2,56,155
HG01849,123,26,1,5,32,155
HG02023,102,0,51,2,53,155
HG01846,152,1,0,2,3,155
HG02081,150,2,1,2,5,155
HG01599,110,0,43,2,45,155
HG01866,151,0,2,2,4,155
HG02064,151,0,2,2,4,155
HG02069,90,14,33,18,65,155
HG02087,152,0,1,2,3,155
HG02017,150,1,2,2,5,155
HG01864,101,51,1,2,54,155
HG01868,149,0,3,3,6,155
HG01596,102,50,1,2,53,155
HG02072,102,49,2,2,53,155
HG02079,152,1,0,2,3,155
HG01600,152,0,1,2,3,155
HG02140,102,51,0,2,53,155
HG01841,110,43,0,2,45,155
HG02020,98,1,5,51,57,155
HG01878,152,0,1,2,3,155
HG02085,151,0,2,2,4,155
HG01598,100,46,2,7,55,155
HG01872,150,0,3,2,5,155
HG02073,81,19,28,27,74,155
HG01845,150,0,3,2,5,155
HG02032,101,3,1,50,54,155
HG02088,90,13,34,18,65,155
HG01840,85,19,24,27,70,155
HG01855,98,4,2,51,57,155
HG02050,101,48,2,4,54,155
HG01844,101,1,50,3,54,155
HG02067,102,50,1,2,53,155
HG02133,107,2,44,2,48,155
HG02127,97,54,2,2,58,155
HG02512,103,1,49,2,52,155
HG02040,123,1,29,2,32,155
HG01859,149,0,4,2,6,155
HG02078,150,0,3,2,5,155
HG02070,146,4,3,2,9,155
HG02029,151,2,0,2,4,155
HG02116,150,0,3,2,5,155
HG01842,102,51,0,2,53,155
HG01867,100,3,48,4,55,155
HG02060,152,0,1,2,3,155
HG01843,110,43,0,2,45,155
HG02028,152,1,0,2,3,155
HG01861,106,2,43,4,49,155
HG01869,101,51,1,2,54,155
HG01865,149,0,4,2,6,155
HG01848,90,33,14,18,65,155
HG02048,104,2,45,4,51,155
HG02130,151,2,0,2,4,155
HG01595,152,0,1,2,3,155
HG01860,99,2,52,2,56,155
HG01853,101,50,1,3,54,155
HG02139,108,1,44,2,47,155
HG02121,148,1,4,2,7,155
HG01858,101,51,1,2,54,155
HG02058,151,0,2,2,4,155
HG02076,97,51,3,4,58,155
HG02131,103,0,50,2,52,155
HG02522,97,2,53,3,58,155
HG02019,97,52,2,4,58,155
HG01851,151,1,1,2,4,155
HG02016,102,51,0,2,53,155
HG01874,151,1,1,2,4,155
HG02057,147,1,1,6,8,155
HG02521,149,4,0,2,6,155
HG02035,99,4,1,51,56,155
HG02025,145,1,7,2,10,155
HG02128,152,0,1,2,3,155
HG01862,100,0,53,2,55,155
HG02134,152,0,1,2,3,155
HG02082,95,4,54,2,60,155
HG02122,149,0,4,2,6,155
HG01870,148,4,1,2,7,155
HG02136,103,49,0,3,52,155
HG01852,148,4,1,2,7,155
HG02137,100,3,48,4,55,155
HG01850,149,1,3,2,6,155
HG01857,148,0,5,2,7,155
HG02061,104,0,49,2,51,155
HG02142,101,48,2,4,54,155
HG01863,98,53,1,3,57,155
HG02026,106,42,3,4,49,155
HG01871,101,1,50,3,54,155
HG02141,86,18,24,27,69,155
HG01873,153,0,0,2,2,155
HG02049,151,0,2,2,4,155
HG02086,149,4,0,2,6,155
HG02113,99,4,1,51,56,155
HG01847,151,0,2,2,4,155
