vn_genomes,c00,c10,c01,c11,c1s,c_sum
HG02513,37,2,0,31,33,70
HG02138,32,6,12,20,38,70
HG02075,44,0,25,1,26,70
HG02031,46,0,23,1,24,70
HG02084,39,0,31,0,31,70
HG02047,32,12,6,20,38,70
HG01597,69,1,0,0,1,70
HG01849,33,11,6,20,37,70
HG02023,35,11,4,20,35,70
HG01846,38,1,31,0,32,70
HG02081,37,2,0,31,33,70
HG01599,33,11,6,20,37,70
HG01866,33,6,11,20,37,70
HG02064,33,11,6,20,37,70
HG02069,39,1,0,30,31,70
HG02087,39,1,0,30,31,70
HG02017,33,11,6,20,37,70
HG01864,35,5,2,28,35,70
HG01868,39,1,1,29,31,70
HG01596,70,0,0,0,0,70
HG02072,38,1,0,31,32,70
HG02079,45,0,25,0,25,70
HG01600,37,0,33,0,33,70
HG02140,39,0,0,31,31,70
HG01841,37,31,2,0,33,70
HG02020,37,1,2,30,33,70
HG01878,37,0,31,2,33,70
HG02085,39,0,1,30,31,70
HG01598,44,2,0,24,26,70
HG01872,33,6,12,19,37,70
HG02073,44,0,2,24,26,70
HG01845,35,5,2,28,35,70
HG02032,36,4,2,28,34,70
HG02088,35,4,11,20,35,70
HG01840,40,30,0,0,30,70
HG01855,31,11,8,20,39,70
HG02050,33,13,4,20,37,70
HG01844,37,2,3,28,33,70
HG02067,39,31,0,0,31,70
HG02133,39,0,0,31,31,70
HG02127,36,1,2,31,34,70
HG02512,39,1,1,29,31,70
HG02040,38,0,2,30,32,70
HG01859,33,11,6,20,37,70
HG02078,38,2,0,30,32,70
HG02070,69,1,0,0,1,70
HG02029,38,1,30,1,32,70
HG02116,38,1,31,0,32,70
HG01842,45,24,0,1,25,70
HG01867,32,7,11,20,38,70
HG02060,33,6,11,20,37,70
HG01843,36,4,2,28,34,70
HG02028,39,0,31,0,31,70
HG01861,45,0,24,1,25,70
HG01869,39,0,1,30,31,70
HG01865,34,4,12,20,36,70
HG01848,39,30,0,1,31,70
HG02048,34,4,12,20,36,70
HG02130,39,0,0,31,31,70
HG01595,39,0,0,31,31,70
HG01860,39,1,0,30,31,70
HG01853,37,0,2,31,33,70
HG02139,39,0,31,0,31,70
HG02121,36,9,4,21,34,70
HG01858,39,0,0,31,31,70
HG02058,37,2,3,28,33,70
HG02076,39,31,0,0,31,70
HG02131,39,31,0,0,31,70
HG02522,38,3,1,28,32,70
HG02019,34,6,10,20,36,70
HG01851,36,3,3,28,34,70
HG02016,33,6,11,20,37,70
HG01874,33,6,11,20,37,70
HG02057,37,1,4,28,33,70
HG02521,38,32,0,0,32,70
HG02035,36,2,10,22,34,70
HG02025,34,11,6,19,36,70
HG02128,45,25,0,0,25,70
HG01862,39,3,0,28,31,70
HG02134,39,31,0,0,31,70
HG02082,38,0,32,0,32,70
HG02122,35,11,4,20,35,70
HG01870,43,26,1,0,27,70
HG02136,36,2,1,31,34,70
HG01852,33,6,11,20,37,70
HG02137,33,5,12,20,37,70
HG01850,37,3,2,28,33,70
HG01857,43,0,26,1,27,70
HG02061,37,2,31,0,33,70
HG02142,38,2,0,30,32,70
HG01863,39,1,0,30,31,70
HG02026,39,30,0,1,31,70
HG01871,39,0,0,31,31,70
HG02141,39,0,31,0,31,70
HG01873,33,6,11,20,37,70
HG02049,35,5,11,19,35,70
HG02086,39,0,0,31,31,70
HG02113,39,0,0,31,31,70
HG01847,35,2,5,28,35,70
