vn_genomes,c00,c10,c01,c11,c1s,c_sum
HG02513,63,0,0,0,0,63
HG02138,61,2,0,0,2,63
HG02075,38,17,4,4,25,63
HG02031,38,16,5,4,25,63
HG02084,63,0,0,0,0,63
HG02047,56,6,1,0,7,63
HG01597,54,2,1,6,9,63
HG01849,53,2,8,0,10,63
HG02023,63,0,0,0,0,63
HG01846,42,21,0,0,21,63
HG02081,63,0,0,0,0,63
HG01599,62,0,1,0,1,63
HG01866,62,0,1,0,1,63
HG02064,61,1,1,0,2,63
HG02069,54,0,9,0,9,63
HG02087,63,0,0,0,0,63
HG02017,55,0,8,0,8,63
HG01864,53,2,8,0,10,63
HG01868,56,7,0,0,7,63
HG01596,54,1,8,0,9,63
HG02072,53,10,0,0,10,63
HG02079,55,8,0,0,8,63
HG01600,41,1,2,19,22,63
HG02140,55,0,8,0,8,63
HG01841,38,4,17,4,25,63
HG02020,55,0,0,8,8,63
HG01878,55,0,0,8,8,63
HG02085,54,9,0,0,9,63
HG01598,63,0,0,0,0,63
HG01872,55,8,0,0,8,63
HG02073,54,1,8,0,9,63
HG01845,53,9,1,0,10,63
HG02032,55,0,0,8,8,63
HG02088,55,0,0,8,8,63
HG01840,54,1,8,0,9,63
HG01855,55,8,0,0,8,63
HG02050,55,8,0,0,8,63
HG01844,55,0,8,0,8,63
HG02067,53,0,10,0,10,63
HG02133,61,0,2,0,2,63
HG02127,43,0,20,0,20,63
HG02512,55,0,8,0,8,63
HG02040,54,0,1,8,9,63
HG01859,37,18,4,4,26,63
HG02078,54,0,1,8,9,63
HG02070,55,8,0,0,8,63
HG02029,54,8,1,0,9,63
HG02116,57,6,0,0,6,63
HG01842,53,2,8,0,10,63
HG01867,61,0,0,2,2,63
HG02060,55,0,8,0,8,63
HG01843,41,22,0,0,22,63
HG02028,63,0,0,0,0,63
HG01861,55,0,8,0,8,63
HG01869,63,0,0,0,0,63
HG01865,63,0,0,0,0,63
HG01848,61,0,2,0,2,63
HG02048,63,0,0,0,0,63
HG02130,53,9,1,0,10,63
HG01595,52,1,2,8,11,63
HG01860,41,0,22,0,22,63
HG01853,54,9,0,0,9,63
HG02139,55,0,8,0,8,63
HG02121,62,0,1,0,1,63
HG01858,62,1,0,0,1,63
HG02058,63,0,0,0,0,63
HG02076,55,0,0,8,8,63
HG02131,51,10,2,0,12,63
HG02522,60,0,3,0,3,63
HG02019,56,1,6,0,7,63
HG01851,49,14,0,0,14,63
HG02016,54,0,2,7,9,63
HG01874,63,0,0,0,0,63
HG02057,55,8,0,0,8,63
HG02521,55,8,0,0,8,63
HG02035,55,0,8,0,8,63
HG02025,59,3,1,0,4,63
HG02128,55,0,8,0,8,63
HG01862,60,2,1,0,3,63
HG02134,61,0,2,0,2,63
HG02082,55,8,0,0,8,63
HG02122,63,0,0,0,0,63
HG01870,63,0,0,0,0,63
HG02136,54,6,3,0,9,63
HG01852,63,0,0,0,0,63
HG02137,63,0,0,0,0,63
HG01850,62,0,1,0,1,63
HG01857,61,1,1,0,2,63
HG02061,63,0,0,0,0,63
HG02142,63,0,0,0,0,63
HG01863,62,0,1,0,1,63
HG02026,57,6,0,0,6,63
HG01871,52,3,8,0,11,63
HG02141,55,0,8,0,8,63
HG01873,41,2,20,0,22,63
HG02049,55,0,0,8,8,63
HG02086,55,0,8,0,8,63
HG02113,55,0,0,8,8,63
HG01847,62,1,0,0,1,63
