vn_genome_ids,c00,c01,c10,c11,c1s,c_sum
HG02513,188,1,2,0,3,191
HG02138,184,4,3,0,7,191
HG02075,184,3,2,2,7,191
HG02031,147,3,41,0,44,191
HG02084,182,4,5,0,9,191
HG02047,188,2,1,0,3,191
HG01597,145,4,42,0,46,191
HG01849,181,6,4,0,10,191
HG02023,188,2,1,0,3,191
HG01846,171,0,2,18,20,191
HG02081,186,4,1,0,5,191
HG01599,187,0,1,3,4,191
HG01866,169,2,20,0,22,191
HG02064,188,3,0,0,3,191
HG02069,187,2,2,0,4,191
HG02087,182,2,7,0,9,191
HG02017,185,1,5,0,6,191
HG01864,169,19,3,0,22,191
HG01868,172,1,18,0,19,191
HG01596,186,2,3,0,5,191
HG02072,171,18,2,0,20,191
HG02079,185,2,3,1,6,191
HG01600,169,4,18,0,22,191
HG02140,186,2,3,0,5,191
HG01841,186,1,3,1,5,191
HG02020,166,5,20,0,25,191
HG01878,167,5,19,0,24,191
HG02085,171,1,1,18,20,191
HG01598,189,1,1,0,2,191
HG01872,184,2,5,0,7,191
HG02073,185,3,3,0,6,191
HG01845,188,0,3,0,3,191
HG02032,187,3,1,0,4,191
HG02088,168,21,0,2,23,191
HG01840,167,18,6,0,24,191
HG01855,184,4,3,0,7,191
HG02050,169,21,1,0,22,191
HG01844,190,0,1,0,1,191
HG02067,168,19,4,0,23,191
HG02133,185,1,5,0,6,191
HG02127,187,4,0,0,4,191
HG02512,130,20,41,0,61,191
HG02040,187,0,4,0,4,191
HG01859,165,20,6,0,26,191
HG02078,189,1,1,0,2,191
HG02070,182,5,3,1,9,191
HG02029,130,19,42,0,61,191
HG02116,129,43,19,0,62,191
HG01842,185,3,3,0,6,191
HG01867,184,3,4,0,7,191
HG02060,159,3,29,0,32,191
HG01843,188,2,1,0,3,191
HG02028,189,1,1,0,2,191
HG01861,169,18,4,0,22,191
HG01869,171,20,0,0,20,191
HG01865,167,20,4,0,24,191
HG01848,169,20,2,0,22,191
HG02048,182,2,7,0,9,191
HG02130,168,21,2,0,23,191
HG01595,171,19,1,0,20,191
HG01860,183,3,5,0,8,191
HG01853,182,5,4,0,9,191
HG02139,171,2,0,18,20,191
HG02121,169,20,2,0,22,191
HG01858,168,20,3,0,23,191
HG02058,188,2,1,0,3,191
HG02076,165,6,20,0,26,191
HG02131,168,19,4,0,23,191
HG02522,189,1,1,0,2,191
HG02019,170,1,2,18,21,191
HG01851,184,4,3,0,7,191
HG02016,169,19,3,0,22,191
HG01874,172,18,1,0,19,191
HG02057,186,1,4,0,5,191
HG02521,149,1,41,0,42,191
HG02035,169,20,2,0,22,191
HG02025,188,2,1,0,3,191
HG02128,186,1,3,1,5,191
HG01862,145,42,4,0,46,191
HG02134,165,23,3,0,26,191
HG02082,170,2,19,0,21,191
HG02122,189,0,2,0,2,191
HG01870,188,2,1,0,3,191
HG02136,170,3,18,0,21,191
HG01852,188,3,0,0,3,191
HG02137,170,3,18,0,21,191
HG01850,170,1,2,18,21,191
HG01857,186,4,1,0,5,191
HG02061,165,20,6,0,26,191
HG02142,186,2,3,0,5,191
HG01863,187,2,2,0,4,191
HG02026,171,20,0,0,20,191
HG01871,170,18,3,0,21,191
HG02141,188,0,3,0,3,191
HG01873,187,1,3,0,4,191
HG02049,169,1,3,18,22,191
HG02086,185,3,2,1,6,191
HG02113,187,1,3,0,4,191
HG01847,187,2,2,0,4,191
