vn_genome_ids,c00,c01,c10,c11,c1s,c_sum
HG02513,42,0,15,1,16,58
HG02138,37,11,7,3,21,58
HG02075,40,11,4,3,18,58
HG02031,37,5,13,3,21,58
HG02084,50,0,7,1,8,58
HG02047,39,4,1,14,19,58
HG01597,57,0,0,1,1,58
HG01849,40,1,1,16,18,58
HG02023,57,0,0,1,1,58
HG01846,41,0,16,1,17,58
HG02081,43,0,14,1,15,58
HG01599,43,14,0,1,15,58
HG01866,39,18,0,1,19,58
HG02064,43,0,14,1,15,58
HG02069,43,14,0,1,15,58
HG02087,48,0,8,2,10,58
HG02017,43,0,14,1,15,58
HG01864,57,0,0,1,1,58
HG01868,37,11,6,4,21,58
HG01596,51,0,6,1,7,58
HG02072,48,9,0,1,10,58
HG02079,40,4,13,1,18,58
HG01600,44,13,0,1,14,58
HG02140,42,15,0,1,16,58
HG01841,40,0,4,14,18,58
HG02020,40,11,4,3,18,58
HG01878,40,17,0,1,18,58
HG02085,41,1,0,16,17,58
HG01598,41,0,16,1,17,58
HG01872,40,14,3,1,18,58
HG02073,41,16,0,1,17,58
HG01845,41,1,3,13,17,58
HG02032,42,15,0,1,16,58
HG02088,36,7,12,3,22,58
HG01840,43,14,0,1,15,58
HG01855,42,1,1,14,16,58
HG02050,42,2,0,14,16,58
HG01844,43,14,0,1,15,58
HG02067,43,1,13,1,15,58
HG02133,42,15,0,1,16,58
HG02127,40,17,0,1,18,58
HG02512,44,13,0,1,14,58
HG02040,44,0,0,14,14,58
HG01859,42,12,0,4,16,58
HG02078,57,0,0,1,1,58
HG02070,57,0,0,1,1,58
HG02029,37,5,11,5,21,58
HG02116,43,14,0,1,15,58
HG01842,43,3,0,12,15,58
HG01867,39,5,0,14,19,58
HG02060,43,0,14,1,15,58
HG01843,42,2,0,14,16,58
HG02028,43,1,0,14,15,58
HG01861,43,0,14,1,15,58
HG01869,47,10,0,1,11,58
HG01865,45,9,1,3,13,58
HG01848,52,0,5,1,6,58
HG02048,44,0,13,1,14,58
HG02130,42,0,15,1,16,58
HG01595,42,0,15,1,16,58
HG01860,47,3,1,7,11,58
HG01853,43,14,0,1,15,58
HG02139,39,17,1,1,19,58
HG02121,57,0,0,1,1,58
HG01858,39,12,4,3,19,58
HG02058,41,16,0,1,17,58
HG02076,40,7,0,11,18,58
HG02131,44,0,13,1,14,58
HG02522,56,1,0,1,2,58
HG02019,44,13,0,1,14,58
HG01851,47,10,0,1,11,58
HG02016,42,2,12,2,16,58
HG01874,41,0,0,17,17,58
HG02057,57,0,0,1,1,58
HG02521,48,9,0,1,10,58
HG02035,49,0,8,1,9,58
HG02025,47,9,1,1,11,58
HG02128,56,0,1,1,2,58
HG01862,57,0,0,1,1,58
HG02134,40,1,3,14,18,58
HG02082,46,11,0,1,12,58
HG02122,41,0,16,1,17,58
HG01870,40,0,17,1,18,58
HG02136,47,10,0,1,11,58
HG01852,42,13,2,1,16,58
HG02137,41,3,0,14,17,58
HG01850,41,0,2,15,17,58
HG01857,41,0,3,14,17,58
HG02061,44,13,0,1,14,58
HG02142,42,1,5,10,16,58
HG01863,41,0,3,14,17,58
HG02026,57,0,0,1,1,58
HG01871,55,0,2,1,3,58
HG02141,31,15,8,4,27,58
HG01873,57,0,0,1,1,58
HG02049,48,8,0,2,10,58
HG02086,56,0,1,1,2,58
HG02113,43,0,14,1,15,58
HG01847,39,4,11,4,19,58
