vn_genome_ids,c00,c01,c10,c11,c1s,c_sum
HG02513,93,16,26,14,56,149
HG02138,90,31,15,13,59,149
HG02075,99,10,6,34,50,149
HG02031,90,16,31,12,59,149
HG02084,95,25,8,21,54,149
HG02047,104,17,15,13,45,149
HG01597,94,15,26,14,55,149
HG01849,91,31,14,13,58,149
HG02023,103,2,1,43,46,149
HG01846,92,29,16,12,57,149
HG02081,87,31,18,13,62,149
HG01599,116,2,3,28,33,149
HG01866,81,23,25,20,68,149
HG02064,92,17,26,14,57,149
HG02069,93,12,24,20,56,149
HG02087,89,17,30,13,60,149
HG02017,118,0,2,29,31,149
HG01864,119,1,0,29,30,149
HG01868,91,27,16,15,58,149
HG01596,117,3,0,29,32,149
HG02072,92,15,28,14,57,149
HG02079,90,14,32,13,59,149
HG01600,89,31,16,13,60,149
HG02140,81,25,23,20,68,149
HG01841,90,31,16,12,59,149
HG02020,118,0,2,29,31,149
HG01878,118,0,4,27,31,149
HG02085,93,29,15,12,56,149
HG01598,90,16,30,13,59,149
HG01872,119,0,1,29,30,149
HG02073,97,12,6,34,52,149
HG01845,88,18,30,13,61,149
HG02032,94,11,24,20,55,149
HG02088,89,31,16,13,60,149
HG01840,117,5,1,26,32,149
HG01855,81,23,25,20,68,149
HG02050,93,28,16,12,56,149
HG01844,94,24,10,21,55,149
HG02067,118,1,1,29,31,149
HG02133,95,9,24,21,54,149
HG02127,114,4,2,29,35,149
HG02512,96,8,24,21,53,149
HG02040,89,30,17,13,60,149
HG01859,118,0,0,31,31,149
HG02078,99,6,10,34,50,149
HG02070,88,15,33,13,61,149
HG02029,89,16,32,12,60,149
HG02116,105,16,15,13,44,149
HG01842,80,25,25,19,69,149
HG01867,120,0,0,29,29,149
HG02060,93,26,16,14,56,149
HG01843,122,0,0,27,27,149
HG02028,96,24,8,21,53,149
HG01861,84,23,22,20,65,149
HG01869,102,1,2,44,47,149
HG01865,97,7,24,21,52,149
HG01848,104,18,14,13,45,149
HG02048,118,0,2,29,31,149
HG02130,118,0,2,29,31,149
HG01595,93,25,10,21,56,149
HG01860,91,27,17,14,58,149
HG01853,88,17,31,13,61,149
HG02139,95,10,24,20,54,149
HG02121,96,11,7,35,53,149
HG01858,118,2,1,28,31,149
HG02058,92,24,12,21,57,149
HG02076,91,15,31,12,58,149
HG02131,89,31,16,13,60,149
HG02522,105,17,14,13,44,149
HG02019,95,8,25,21,54,149
HG01851,96,9,23,21,53,149
HG02016,85,21,24,19,64,149
HG01874,91,16,29,13,58,149
HG02057,95,24,9,21,54,149
HG02521,103,2,0,44,46,149
HG02035,96,8,24,21,53,149
HG02025,79,24,26,20,70,149
HG02128,105,0,0,44,44,149
HG01862,88,31,17,13,61,149
HG02134,105,15,16,13,44,149
HG02082,81,23,24,21,68,149
HG02122,109,0,0,40,40,149
HG01870,93,25,10,21,56,149
HG02136,89,30,17,13,60,149
HG01852,96,24,9,20,53,149
HG02137,93,8,27,21,56,149
HG01850,87,32,17,13,62,149
HG01857,90,30,17,12,59,149
HG02061,91,29,17,12,58,149
HG02142,103,15,18,13,46,149
HG01863,103,15,18,13,46,149
HG02026,86,19,31,13,63,149
HG01871,94,24,11,20,55,149
HG02141,94,14,26,15,55,149
HG01873,98,11,6,34,51,149
HG02049,118,2,0,29,31,149
HG02086,96,24,9,20,53,149
HG02113,103,16,13,17,46,149
HG01847,120,0,0,29,29,149
