vn_genome_ids,c00,c01,c10,c11,c1s,c_sum
HG02513,85,1,12,0,13,98
HG02138,67,22,9,0,31,98
HG02075,83,3,4,8,15,98
HG02031,66,10,22,0,32,98
HG02084,86,12,0,0,12,98
HG02047,87,1,10,0,11,98
HG01597,86,0,12,0,12,98
HG01849,78,11,9,0,20,98
HG02023,74,1,1,22,24,98
HG01846,75,13,10,0,23,98
HG02081,73,23,2,0,25,98
HG01599,94,1,3,0,4,98
HG01866,65,22,11,0,33,98
HG02064,84,2,12,0,14,98
HG02069,84,3,11,0,14,98
HG02087,75,1,22,0,23,98
HG02017,96,0,2,0,2,98
HG01864,97,1,0,0,1,98
HG01868,83,13,2,0,15,98
HG01596,95,3,0,0,3,98
HG02072,84,0,14,0,14,98
HG02079,78,9,11,0,20,98
HG01600,75,23,0,0,23,98
HG02140,65,11,22,0,33,98
HG01841,66,22,10,0,32,98
HG02020,97,0,1,0,1,98
HG01878,96,0,1,1,2,98
HG02085,77,12,9,0,21,98
HG01598,76,0,22,0,22,98
HG01872,97,0,1,0,1,98
HG02073,82,4,4,8,16,98
HG01845,74,2,22,0,24,98
HG02032,83,4,11,0,15,98
HG02088,76,22,0,0,22,98
HG01840,95,3,0,0,3,98
HG01855,65,22,11,0,33,98
HG02050,76,12,10,0,22,98
HG01844,85,11,2,0,13,98
HG02067,96,1,1,0,2,98
HG02133,85,2,11,0,13,98
HG02127,92,2,2,2,6,98
HG02512,87,0,11,0,11,98
HG02040,75,22,1,0,23,98
HG01859,96,0,0,2,2,98
HG02078,83,4,3,8,15,98
HG02070,76,10,12,0,22,98
HG02029,66,10,22,0,32,98
HG02116,88,0,10,0,10,98
HG01842,66,9,23,0,32,98
HG01867,98,0,0,0,0,98
HG02060,85,12,1,0,13,98
HG01843,89,0,0,9,9,98
HG02028,87,11,0,0,11,98
HG01861,63,22,13,0,35,98
HG01869,72,1,2,23,26,98
HG01865,87,0,11,0,11,98
HG01848,87,2,9,0,11,98
HG02048,96,0,2,0,2,98
HG02130,96,0,2,0,2,98
HG01595,84,12,2,0,14,98
HG01860,83,13,2,0,15,98
HG01853,74,1,23,0,24,98
HG02139,86,1,11,0,12,98
HG02121,81,4,5,8,17,98
HG01858,96,1,1,0,2,98
HG02058,84,11,3,0,14,98
HG02076,67,9,22,0,31,98
HG02131,76,22,0,0,22,98
HG02522,88,1,9,0,10,98
HG02019,86,0,12,0,12,98
HG01851,86,2,10,0,12,98
HG02016,64,12,22,0,34,98
HG01874,77,0,21,0,21,98
HG02057,86,11,1,0,12,98
HG02521,86,1,0,11,12,98
HG02035,87,0,11,0,11,98
HG02025,63,23,12,0,35,98
HG02128,87,0,0,11,11,98
HG01862,74,23,1,0,24,98
HG02134,88,10,0,0,10,98
HG02082,63,23,12,0,35,98
HG02122,86,0,0,12,12,98
HG01870,85,12,1,0,13,98
HG02136,75,22,1,0,23,98
HG01852,87,11,0,0,11,98
HG02137,85,0,13,0,13,98
HG01850,74,23,1,0,24,98
HG01857,73,14,11,0,25,98
HG02061,74,13,11,0,24,98
HG02142,86,10,2,0,12,98
HG01863,86,10,2,0,12,98
HG02026,72,3,23,0,26,98
HG01871,85,11,2,0,13,98
HG02141,86,0,12,0,12,98
HG01873,83,3,4,8,15,98
HG02049,96,2,0,0,2,98
HG02086,87,11,0,0,11,98
HG02113,86,11,1,0,12,98
HG01847,98,0,0,0,0,98
