vn_genome_ids,c00,c01,c10,c11,c1s,c_sum
HG02513,62,2,8,0,10,72
HG02138,72,0,0,0,0,72
HG02075,70,0,2,0,2,72
HG02031,64,2,5,1,8,72
HG02084,66,5,1,0,6,72
HG02047,63,0,0,9,9,72
HG01597,60,9,3,0,12,72
HG01849,56,10,6,0,16,72
HG02023,59,6,7,0,13,72
HG01846,68,1,3,0,4,72
HG02081,70,1,1,0,2,72
HG01599,67,0,0,5,5,72
HG01866,72,0,0,0,0,72
HG02064,67,0,0,5,5,72
HG02069,58,9,5,0,14,72
HG02087,65,6,1,0,7,72
HG02017,60,6,6,0,12,72
HG01864,61,1,1,9,11,72
HG01868,62,9,1,0,10,72
HG01596,66,0,6,0,6,72
HG02072,64,2,6,0,8,72
HG02079,66,0,6,0,6,72
HG01600,58,3,11,0,14,72
HG02140,67,3,2,0,5,72
HG01841,70,2,0,0,2,72
HG02020,62,5,5,0,10,72
HG01878,57,5,10,0,15,72
HG02085,70,1,0,1,2,72
HG01598,71,0,1,0,1,72
HG01872,69,0,3,0,3,72
HG02073,62,1,9,0,10,72
HG01845,64,2,6,0,8,72
HG02032,66,0,6,0,6,72
HG02088,56,10,6,0,16,72
HG01840,65,6,1,0,7,72
HG01855,64,2,5,1,8,72
HG02050,66,0,6,0,6,72
HG01844,60,6,6,0,12,72
HG02067,63,0,0,9,9,72
HG02133,63,0,0,9,9,72
HG02127,59,3,10,0,13,72
HG02512,66,1,0,5,6,72
HG02040,71,1,0,0,1,72
HG01859,70,1,0,1,2,72
HG02078,64,4,4,0,8,72
HG02070,63,9,0,0,9,72
HG02029,62,10,0,0,10,72
HG02116,63,6,3,0,9,72
HG01842,65,5,2,0,7,72
HG01867,62,1,9,0,10,72
HG02060,66,5,1,0,6,72
HG01843,66,6,0,0,6,72
HG02028,60,2,10,0,12,72
HG01861,65,6,1,0,7,72
HG01869,67,5,0,0,5,72
HG01865,71,0,0,1,1,72
HG01848,62,1,9,0,10,72
HG02048,64,2,6,0,8,72
HG02130,66,1,5,0,6,72
HG01595,66,0,6,0,6,72
HG01860,63,5,3,1,9,72
HG01853,55,7,10,0,17,72
HG02139,57,6,9,0,15,72
HG02121,59,4,9,0,13,72
HG01858,57,9,6,0,15,72
HG02058,57,9,6,0,15,72
HG02076,69,0,3,0,3,72
HG02131,64,7,1,0,8,72
HG02522,64,2,5,1,8,72
HG02019,63,0,9,0,9,72
HG01851,65,1,1,5,7,72
HG02016,67,0,5,0,5,72
HG01874,72,0,0,0,0,72
HG02057,71,0,1,0,1,72
HG02521,62,1,9,0,10,72
HG02035,66,5,1,0,6,72
HG02025,62,1,9,0,10,72
HG02128,63,0,9,0,9,72
HG01862,60,9,3,0,12,72
HG02134,71,0,0,1,1,72
HG02082,57,6,9,0,15,72
HG02122,62,1,0,9,10,72
HG01870,60,1,11,0,12,72
HG02136,65,1,1,5,7,72
HG01852,58,9,5,0,14,72
HG02137,67,0,5,0,5,72
HG01850,64,1,2,5,8,72
HG01857,57,5,10,0,15,72
HG02061,56,6,10,0,16,72
HG02142,64,6,2,0,8,72
HG01863,66,1,5,0,6,72
HG02026,68,1,3,0,4,72
HG01871,68,3,1,0,4,72
HG02141,63,9,0,0,9,72
HG01873,62,10,0,0,10,72
HG02049,67,0,5,0,5,72
HG02086,71,0,1,0,1,72
HG02113,70,2,0,0,2,72
HG01847,67,0,2,3,5,72
