vn_genome_ids,c00,c01,c10,c11,c1s,c_sum
HG02513,111,101,26,2,129,240
HG02138,210,1,2,27,30,240
HG02075,212,0,2,26,28,240
HG02031,211,3,0,26,29,240
HG02084,110,25,103,2,130,240
HG02047,211,0,2,27,29,240
HG01597,116,97,25,2,124,240
HG01849,115,97,26,2,125,240
HG02023,114,24,100,2,126,240
HG01846,210,1,2,27,30,240
HG02081,202,9,25,4,38,240
HG01599,108,103,25,4,132,240
HG01866,108,96,34,2,132,240
HG02064,114,99,25,2,126,240
HG02069,106,97,35,2,134,240
HG02087,110,102,26,2,130,240
HG02017,111,25,100,4,129,240
HG01864,104,35,98,3,136,240
HG01868,193,17,11,19,47,240
HG01596,211,2,0,27,29,240
HG02072,110,103,24,3,130,240
HG02079,112,25,100,3,128,240
HG01600,212,1,1,26,28,240
HG02140,211,0,3,26,29,240
HG01841,196,8,17,19,44,240
HG02020,208,4,1,27,32,240
HG01878,130,0,83,27,110,240
HG02085,211,2,1,26,29,240
HG01598,104,99,34,3,136,240
HG01872,115,97,26,2,125,240
HG02073,194,26,17,3,46,240
HG01845,211,0,3,26,29,240
HG02032,212,0,0,28,28,240
HG02088,212,0,1,27,28,240
HG01840,209,2,2,27,31,240
HG01855,210,3,0,27,30,240
HG02050,112,99,25,4,128,240
HG01844,134,8,0,98,106,240
HG02067,199,12,2,27,41,240
HG02133,207,2,4,27,33,240
HG02127,114,99,25,2,126,240
HG02512,211,0,1,28,29,240
HG02040,212,0,1,27,28,240
HG01859,114,25,99,2,126,240
HG02078,209,3,1,27,31,240
HG02070,208,2,3,27,32,240
HG02029,210,2,2,26,30,240
HG02116,112,25,100,3,128,240
HG01842,212,1,0,27,28,240
HG01867,192,9,19,20,48,240
HG02060,115,26,94,5,125,240
HG01843,202,10,25,3,38,240
HG02028,211,2,0,27,29,240
HG01861,201,25,10,4,39,240
HG01869,209,2,2,27,31,240
HG01865,112,26,100,2,128,240
HG01848,210,1,27,2,30,240
HG02048,111,24,102,3,129,240
HG02130,213,1,0,26,27,240
HG01595,208,2,4,26,32,240
HG01860,212,1,0,27,28,240
HG01853,212,0,1,27,28,240
HG02139,212,0,2,26,28,240
HG02121,116,24,98,2,124,240
HG01858,210,0,0,30,30,240
HG02058,199,28,9,4,41,240
HG02076,108,104,26,2,132,240
HG02131,210,0,3,27,30,240
HG02522,210,1,2,27,30,240
HG02019,193,18,9,20,47,240
HG01851,212,2,0,26,28,240
HG02016,211,3,0,26,29,240
HG01874,212,1,0,27,28,240
HG02057,109,25,16,90,131,240
HG02521,109,103,25,3,131,240
HG02035,138,2,0,100,102,240
HG02025,211,2,0,27,29,240
HG02128,112,25,101,2,128,240
HG01862,211,0,2,27,29,240
HG02134,112,26,100,2,128,240
HG02082,209,2,3,26,31,240
HG02122,212,2,0,26,28,240
HG01870,106,105,27,2,134,240
HG02136,106,104,26,4,134,240
HG01852,114,26,98,2,126,240
HG02137,210,2,1,27,30,240
HG01850,209,2,2,27,31,240
HG01857,211,1,1,27,29,240
HG02061,110,26,102,2,130,240
HG02142,106,104,27,3,134,240
HG01863,212,0,1,27,28,240
HG02026,113,25,100,2,127,240
HG01871,113,26,99,2,127,240
HG02141,209,0,4,27,31,240
HG01873,111,101,26,2,129,240
HG02049,207,2,4,27,33,240
HG02086,210,0,3,27,30,240
HG02113,111,102,24,3,129,240
HG01847,211,1,1,27,29,240
