vn_genome_ids,c00,c01,c10,c11,c1s,c_sum
HG02513,45,1,2,0,3,48
HG02138,45,1,2,0,3,48
HG02075,39,2,7,0,9,48
HG02031,46,0,2,0,2,48
HG02084,46,0,1,1,2,48
HG02047,45,1,2,0,3,48
HG01597,46,1,1,0,2,48
HG01849,44,1,3,0,4,48
HG02023,45,1,2,0,3,48
HG01846,47,0,1,0,1,48
HG02081,46,1,1,0,2,48
HG01599,38,8,2,0,10,48
HG01866,46,1,0,1,2,48
HG02064,47,1,0,0,1,48
HG02069,45,3,0,0,3,48
HG02087,45,0,2,1,3,48
HG02017,46,1,1,0,2,48
HG01864,46,1,0,1,2,48
HG01868,40,1,7,0,8,48
HG01596,47,1,0,0,1,48
HG02072,45,0,3,0,3,48
HG02079,45,1,2,0,3,48
HG01600,45,1,2,0,3,48
HG02140,43,2,3,0,5,48
HG01841,45,1,2,0,3,48
HG02020,47,1,0,0,1,48
HG01878,37,8,3,0,11,48
HG02085,46,2,0,0,2,48
HG01598,47,1,0,0,1,48
HG01872,37,8,3,0,11,48
HG02073,44,3,1,0,4,48
HG01845,46,1,1,0,2,48
HG02032,44,2,2,0,4,48
HG02088,45,3,0,0,3,48
HG01840,46,2,0,0,2,48
HG01855,47,0,0,1,1,48
HG02050,46,0,1,1,2,48
HG01844,46,0,2,0,2,48
HG02067,40,0,8,0,8,48
HG02133,44,2,2,0,4,48
HG02127,45,2,1,0,3,48
HG02512,46,2,0,0,2,48
HG02040,46,0,2,0,2,48
HG01859,41,0,7,0,7,48
HG02078,40,8,0,0,8,48
HG02070,41,0,7,0,7,48
HG02029,47,1,0,0,1,48
HG02116,47,1,0,0,1,48
HG01842,47,1,0,0,1,48
HG01867,47,0,1,0,1,48
HG02060,46,2,0,0,2,48
HG01843,47,0,1,0,1,48
HG02028,40,0,8,0,8,48
HG01861,46,1,0,1,2,48
HG01869,47,1,0,0,1,48
HG01865,46,0,2,0,2,48
HG01848,41,0,0,7,7,48
HG02048,46,2,0,0,2,48
HG02130,47,1,0,0,1,48
HG01595,46,1,1,0,2,48
HG01860,40,7,1,0,8,48
HG01853,46,0,2,0,2,48
HG02139,47,0,0,1,1,48
HG02121,39,2,7,0,9,48
HG01858,47,1,0,0,1,48
HG02058,46,1,1,0,2,48
HG02076,48,0,0,0,0,48
HG02131,46,2,0,0,2,48
HG02522,47,1,0,0,1,48
HG02019,43,3,2,0,5,48
HG01851,42,5,0,1,6,48
HG02016,47,1,0,0,1,48
HG01874,44,3,1,0,4,48
HG02057,46,1,1,0,2,48
HG02521,46,1,1,0,2,48
HG02035,46,0,2,0,2,48
HG02025,38,1,9,0,10,48
HG02128,47,1,0,0,1,48
HG01862,41,7,0,0,7,48
HG02134,47,1,0,0,1,48
HG02082,40,7,1,0,8,48
HG02122,46,0,1,1,2,48
HG01870,47,1,0,0,1,48
HG02136,48,0,0,0,0,48
HG01852,44,2,2,0,4,48
HG02137,46,0,1,1,2,48
HG01850,47,0,0,1,1,48
HG01857,46,1,1,0,2,48
HG02061,44,3,1,0,4,48
HG02142,46,1,1,0,2,48
HG01863,47,0,1,0,1,48
HG02026,47,0,0,1,1,48
HG01871,47,0,1,0,1,48
HG02141,47,1,0,0,1,48
HG01873,46,1,1,0,2,48
HG02049,46,0,1,1,2,48
HG02086,45,1,2,0,3,48
HG02113,48,0,0,0,0,48
HG01847,40,1,7,0,8,48
