vn_genome_ids,c00,c01,c10,c11,c1s,c_sum
HG02513,53,11,3,37,51,104
HG02138,53,13,2,36,51,104
HG02075,46,37,8,13,58,104
HG02031,63,2,38,1,41,104
HG02084,55,8,1,40,49,104
HG02047,52,2,48,2,52,104
HG01597,99,1,1,3,5,104
HG01849,61,3,38,2,43,104
HG02023,53,13,2,36,51,104
HG01846,54,2,47,1,50,104
HG02081,98,1,2,3,6,104
HG01599,47,8,36,13,57,104
HG01866,55,1,0,48,49,104
HG02064,54,47,1,2,50,104
HG02069,61,40,1,2,43,104
HG02087,54,0,2,48,50,104
HG02017,54,2,46,2,50,104
HG01864,55,3,0,46,49,104
HG01868,47,16,9,32,57,104
HG01596,99,1,1,3,5,104
HG02072,60,4,39,1,44,104
HG02079,51,2,46,5,53,104
HG01600,98,1,2,3,6,104
HG02140,51,13,4,36,53,104
HG01841,98,1,3,2,6,104
HG02020,62,37,3,2,42,104
HG01878,55,9,28,12,49,104
HG02085,63,38,2,1,41,104
HG01598,100,1,0,3,4,104
HG01872,45,8,38,13,59,104
HG02073,52,4,9,39,52,104
HG01845,53,48,2,1,51,104
HG02032,52,3,12,37,52,104
HG02088,62,39,2,1,42,104
HG01840,68,33,1,2,36,104
HG01855,55,2,1,46,49,104
HG02050,55,0,1,48,49,104
HG01844,68,27,3,6,36,104
HG02067,81,2,19,2,23,104
HG02133,53,2,12,37,51,104
HG02127,52,41,3,8,52,104
HG02512,64,37,2,1,40,104
HG02040,64,2,37,1,40,104
HG01859,81,3,19,1,23,104
HG02078,81,20,2,1,23,104
HG02070,82,2,19,1,22,104
HG02029,54,47,1,2,50,104
HG02116,54,47,2,1,50,104
HG01842,55,46,1,2,49,104
HG01867,53,2,47,2,51,104
HG02060,62,38,3,1,42,104
HG01843,99,1,1,3,5,104
HG02028,82,2,19,1,22,104
HG01861,55,1,0,48,49,104
HG01869,57,2,43,2,47,104
HG01865,64,2,37,1,40,104
HG01848,81,3,1,19,23,104
HG02048,53,48,1,2,51,104
HG02130,100,1,0,3,4,104
HG01595,54,46,2,2,50,104
HG01860,61,10,23,10,43,104
HG01853,54,1,47,2,50,104
HG02139,54,44,1,5,50,104
HG02121,57,27,8,12,47,104
HG01858,54,47,1,2,50,104
HG02058,96,3,2,3,8,104
HG02076,101,0,0,3,3,104
HG02131,54,47,1,2,50,104
HG02522,91,8,2,3,13,104
HG02019,52,13,3,36,52,104
HG01851,49,6,17,32,55,104
HG02016,100,1,0,3,4,104
HG01874,50,49,3,2,54,104
HG02057,98,3,1,2,6,104
HG02521,95,2,4,3,9,104
HG02035,53,1,48,2,51,104
HG02025,60,21,11,12,44,104
HG02128,54,46,2,2,50,104
HG01862,83,18,2,1,21,104
HG02134,55,46,1,2,49,104
HG02082,81,19,3,1,23,104
HG02122,63,2,2,37,41,104
HG01870,67,34,2,1,37,104
HG02136,98,2,1,3,6,104
HG01852,52,12,3,37,52,104
HG02137,55,0,1,48,49,104
HG01850,56,0,0,48,48,104
HG01857,54,17,1,32,50,104
HG02061,52,3,12,37,52,104
HG02142,52,47,3,2,52,104
HG01863,99,0,2,3,5,104
HG02026,59,12,0,33,45,104
HG01871,55,1,46,2,49,104
HG02141,100,4,0,0,4,104
HG01873,98,1,3,2,6,104
HG02049,54,1,2,47,50,104
HG02086,53,12,3,36,51,104
HG02113,101,0,0,3,3,104
HG01847,47,16,8,33,57,104
