vn_genome_ids,c00,c01,c10,c11,c1s,c_sum
HG02513,280,1,3,0,4,284
HG02138,225,52,7,0,59,284
HG02075,270,3,11,0,14,284
HG02031,270,8,6,0,14,284
HG02084,275,1,1,7,9,284
HG02047,270,2,12,0,14,284
HG01597,280,1,3,0,4,284
HG01849,260,2,22,0,24,284
HG02023,231,40,13,0,53,284
HG01846,267,4,3,10,17,284
HG02081,264,13,7,0,20,284
HG01599,250,23,11,0,34,284
HG01866,278,3,3,0,6,284
HG02064,260,21,3,0,24,284
HG02069,258,3,23,0,26,284
HG02087,267,3,14,0,17,284
HG02017,266,11,7,0,18,284
HG01864,266,6,12,0,18,284
HG01868,260,0,19,5,24,284
HG01596,250,23,11,0,34,284
HG02072,264,8,8,4,20,284
HG02079,249,24,11,0,35,284
HG01600,267,3,14,0,17,284
HG02140,247,13,24,0,37,284
HG01841,270,13,1,0,14,284
HG02020,274,1,9,0,10,284
HG01878,269,2,4,9,15,284
HG02085,230,41,13,0,54,284
HG01598,250,11,23,0,34,284
HG01872,269,14,1,0,15,284
HG02073,268,5,11,0,16,284
HG01845,282,2,0,0,2,284
HG02032,256,27,1,0,28,284
HG02088,281,1,2,0,3,284
HG01840,269,3,2,10,15,284
HG01855,272,11,1,0,12,284
HG02050,259,2,23,0,25,284
HG01844,268,2,4,10,16,284
HG02067,249,23,12,0,35,284
HG02133,274,3,7,0,10,284
HG02127,271,4,9,0,13,284
HG02512,275,7,2,0,9,284
HG02040,250,23,11,0,34,284
HG01859,273,9,2,0,11,284
HG02078,241,40,3,0,43,284
HG02070,263,13,8,0,21,284
HG02029,272,12,0,0,12,284
HG02116,271,1,12,0,13,284
HG01842,251,22,11,0,33,284
HG01867,268,3,13,0,16,284
HG02060,279,2,3,0,5,284
HG01843,273,0,11,0,11,284
HG02028,269,3,12,0,15,284
HG01861,270,2,2,10,14,284
HG01869,257,24,3,0,27,284
HG01865,273,0,11,0,11,284
HG01848,245,25,14,0,39,284
HG02048,279,2,3,0,5,284
HG02130,258,1,25,0,26,284
HG01595,272,11,1,0,12,284
HG01860,256,26,2,0,28,284
HG01853,249,24,11,0,35,284
HG02139,263,8,13,0,21,284
HG02121,272,1,1,10,12,284
HG01858,269,2,2,11,15,284
HG02058,249,27,8,0,35,284
HG02076,244,26,14,0,40,284
HG02131,250,23,11,0,34,284
HG02522,271,1,2,10,13,284
HG02019,256,25,3,0,28,284
HG01851,259,23,2,0,25,284
HG02016,270,12,2,0,14,284
HG01874,276,2,6,0,8,284
HG02057,260,23,1,0,24,284
HG02521,272,1,11,0,12,284
HG02035,240,41,3,0,44,284
HG02025,256,3,25,0,28,284
HG02128,271,2,5,6,13,284
HG01862,258,23,3,0,26,284
HG02134,269,13,2,0,15,284
HG02082,257,0,4,23,27,284
HG02122,272,1,1,10,12,284
HG01870,281,3,0,0,3,284
HG02136,246,11,26,1,38,284
HG01852,269,12,3,0,15,284
HG02137,247,11,26,0,37,284
HG01850,277,1,6,0,7,284
HG01857,247,12,25,0,37,284
HG02061,281,1,2,0,3,284
HG02142,269,2,3,10,15,284
HG01863,251,24,9,0,33,284
HG02026,259,1,2,22,25,284
HG01871,230,9,45,0,54,284
HG02141,267,10,7,0,17,284
HG01873,274,7,3,0,10,284
HG02049,280,2,2,0,4,284
HG02086,247,16,21,0,37,284
HG02113,271,0,3,10,13,284
HG01847,272,10,2,0,12,284
