vn_genome_ids,c00,c01,c10,c11,c1s,c_sum
HG02513,35,0,0,0,0,35
HG02138,32,0,3,0,3,35
HG02075,31,1,0,3,4,35
HG02031,35,0,0,0,0,35
HG02084,32,0,3,0,3,35
HG02047,35,0,0,0,0,35
HG01597,31,3,1,0,4,35
HG01849,32,0,3,0,3,35
HG02023,34,0,1,0,1,35
HG01846,35,0,0,0,0,35
HG02081,31,1,0,3,4,35
HG01599,35,0,0,0,0,35
HG01866,30,0,5,0,5,35
HG02064,31,4,0,0,4,35
HG02069,34,1,0,0,1,35
HG02087,31,0,4,0,4,35
HG02017,31,3,1,0,4,35
HG01864,31,0,4,0,4,35
HG01868,31,3,1,0,4,35
HG01596,35,0,0,0,0,35
HG02072,34,0,1,0,1,35
HG02079,32,3,0,0,3,35
HG01600,35,0,0,0,0,35
HG02140,32,3,0,0,3,35
HG01841,35,0,0,0,0,35
HG02020,32,3,0,0,3,35
HG01878,32,0,3,0,3,35
HG02085,34,0,1,0,1,35
HG01598,32,0,3,0,3,35
HG01872,30,5,0,0,5,35
HG02073,34,1,0,0,1,35
HG01845,32,3,0,0,3,35
HG02032,33,1,1,0,2,35
HG02088,35,0,0,0,0,35
HG01840,32,0,3,0,3,35
HG01855,34,1,0,0,1,35
HG02050,31,4,0,0,4,35
HG01844,31,3,1,0,4,35
HG02067,31,1,3,0,4,35
HG02133,33,0,2,0,2,35
HG02127,35,0,0,0,0,35
HG02512,35,0,0,0,0,35
HG02040,32,0,3,0,3,35
HG01859,29,0,6,0,6,35
HG02078,30,1,4,0,5,35
HG02070,35,0,0,0,0,35
HG02029,35,0,0,0,0,35
HG02116,33,2,0,0,2,35
HG01842,31,4,0,0,4,35
HG01867,31,0,1,3,4,35
HG02060,30,4,1,0,5,35
HG01843,34,0,1,0,1,35
HG02028,35,0,0,0,0,35
HG01861,35,0,0,0,0,35
HG01869,34,0,1,0,1,35
HG01865,31,1,0,3,4,35
HG01848,35,0,0,0,0,35
HG02048,35,0,0,0,0,35
HG02130,31,1,3,0,4,35
HG01595,30,5,0,0,5,35
HG01860,31,0,4,0,4,35
HG01853,35,0,0,0,0,35
HG02139,31,4,0,0,4,35
HG02121,35,0,0,0,0,35
HG01858,32,0,0,3,3,35
HG02058,32,0,3,0,3,35
HG02076,35,0,0,0,0,35
HG02131,31,4,0,0,4,35
HG02522,31,1,0,3,4,35
HG02019,31,0,4,0,4,35
HG01851,32,0,3,0,3,35
HG02016,32,0,3,0,3,35
HG01874,31,1,3,0,4,35
HG02057,31,4,0,0,4,35
HG02521,34,0,1,0,1,35
HG02035,32,3,0,0,3,35
HG02025,34,0,1,0,1,35
HG02128,35,0,0,0,0,35
HG01862,31,0,1,3,4,35
HG02134,31,0,4,0,4,35
HG02082,35,0,0,0,0,35
HG02122,35,0,0,0,0,35
HG01870,33,2,0,0,2,35
HG02136,32,0,3,0,3,35
HG01852,33,1,1,0,2,35
HG02137,32,0,3,0,3,35
HG01850,34,1,0,0,1,35
HG01857,34,1,0,0,1,35
HG02061,31,1,3,0,4,35
HG02142,35,0,0,0,0,35
HG01863,34,1,0,0,1,35
HG02026,32,3,0,0,3,35
HG01871,35,0,0,0,0,35
HG02141,31,1,0,3,4,35
HG01873,34,0,1,0,1,35
HG02049,34,0,1,0,1,35
HG02086,34,1,0,0,1,35
HG02113,34,1,0,0,1,35
HG01847,35,0,0,0,0,35
