vn_genome_ids,c00,c01,c10,c11,c1s,c_sum
HG02513,62,3,6,0,9,71
HG02138,58,7,4,2,13,71
HG02075,65,5,1,0,6,71
HG02031,59,5,5,2,12,71
HG02084,65,1,0,5,6,71
HG02047,58,5,6,2,13,71
HG01597,70,1,0,0,1,71
HG01849,65,1,5,0,6,71
HG02023,65,0,2,4,6,71
HG01846,70,1,0,0,1,71
HG02081,65,0,6,0,6,71
HG01599,66,0,5,0,5,71
HG01866,60,6,3,2,11,71
HG02064,63,7,1,0,8,71
HG02069,66,0,5,0,5,71
HG02087,59,7,4,1,12,71
HG02017,70,1,0,0,1,71
HG01864,59,4,6,2,12,71
HG01868,62,9,0,0,9,71
HG01596,64,6,1,0,7,71
HG02072,66,5,0,0,5,71
HG02079,70,1,0,0,1,71
HG01600,64,0,7,0,7,71
HG02140,71,0,0,0,0,71
HG01841,64,2,0,5,7,71
HG02020,64,2,5,0,7,71
HG01878,66,0,4,1,5,71
HG02085,66,0,0,5,5,71
HG01598,64,2,5,0,7,71
HG01872,70,0,1,0,1,71
HG02073,62,1,4,4,9,71
HG01845,71,0,0,0,0,71
HG02032,65,6,0,0,6,71
HG02088,60,5,4,2,11,71
HG01840,67,0,4,0,4,71
HG01855,62,6,3,0,9,71
HG02050,60,3,8,0,11,71
HG01844,63,3,5,0,8,71
HG02067,62,4,5,0,9,71
HG02133,66,1,4,0,5,71
HG02127,64,2,5,0,7,71
HG02512,64,0,7,0,7,71
HG02040,66,0,1,4,5,71
HG01859,64,2,0,5,7,71
HG02078,62,9,0,0,9,71
HG02070,70,0,1,0,1,71
HG02029,61,3,7,0,10,71
HG02116,61,4,5,1,10,71
HG01842,65,5,1,0,6,71
HG01867,66,1,0,4,5,71
HG02060,64,1,6,0,7,71
HG01843,71,0,0,0,0,71
HG02028,64,6,1,0,7,71
HG01861,69,2,0,0,2,71
HG01869,69,1,1,0,2,71
HG01865,59,3,7,2,12,71
HG01848,70,1,0,0,1,71
HG02048,65,6,0,0,6,71
HG02130,65,6,0,0,6,71
HG01595,60,9,2,0,11,71
HG01860,68,0,3,0,3,71
HG01853,66,0,0,5,5,71
HG02139,71,0,0,0,0,71
HG02121,68,1,2,0,3,71
HG01858,59,7,3,2,12,71
HG02058,61,1,9,0,10,71
HG02076,69,2,0,0,2,71
HG02131,70,0,1,0,1,71
HG02522,71,0,0,0,0,71
HG02019,66,0,0,5,5,71
HG01851,70,0,1,0,1,71
HG02016,65,1,1,4,6,71
HG01874,63,2,3,3,8,71
HG02057,64,0,7,0,7,71
HG02521,61,1,9,0,10,71
HG02035,62,5,4,0,9,71
HG02025,68,1,2,0,3,71
HG02128,59,7,3,2,12,71
HG01862,63,0,8,0,8,71
HG02134,66,4,1,0,5,71
HG02082,69,1,1,0,2,71
HG02122,64,0,2,5,7,71
HG01870,61,4,6,0,10,71
HG02136,66,5,0,0,5,71
HG01852,52,2,14,3,19,71
HG02137,63,3,2,3,8,71
HG01850,66,5,0,0,5,71
HG01857,66,5,0,0,5,71
HG02061,66,5,0,0,5,71
HG02142,61,1,3,6,10,71
HG01863,62,9,0,0,9,71
HG02026,69,1,1,0,2,71
HG01871,65,1,1,4,6,71
HG02141,70,1,0,0,1,71
HG01873,65,1,5,0,6,71
HG02049,66,1,0,4,5,71
HG02086,70,0,1,0,1,71
HG02113,62,1,8,0,9,71
HG01847,71,0,0,0,0,71
