vn_genome_ids,c00,c01,c10,c11,c1s,c_sum
HG02513,50,3,3,0,6,56
HG02138,48,7,1,0,8,56
HG02075,55,0,1,0,1,56
HG02031,47,4,5,0,9,56
HG02084,55,1,0,0,1,56
HG02047,48,2,6,0,8,56
HG01597,55,1,0,0,1,56
HG01849,55,1,0,0,1,56
HG02023,53,0,1,2,3,56
HG01846,55,1,0,0,1,56
HG02081,55,0,1,0,1,56
HG01599,56,0,0,0,0,56
HG01866,50,6,0,0,6,56
HG02064,50,5,1,0,6,56
HG02069,56,0,0,0,0,56
HG02087,49,7,0,0,7,56
HG02017,55,1,0,0,1,56
HG01864,49,1,6,0,7,56
HG01868,49,7,0,0,7,56
HG01596,54,1,1,0,2,56
HG02072,56,0,0,0,0,56
HG02079,55,1,0,0,1,56
HG01600,51,0,5,0,5,56
HG02140,56,0,0,0,0,56
HG01841,54,2,0,0,2,56
HG02020,55,1,0,0,1,56
HG01878,55,0,0,1,1,56
HG02085,56,0,0,0,0,56
HG01598,54,2,0,0,2,56
HG01872,55,0,1,0,1,56
HG02073,52,1,3,0,4,56
HG01845,56,0,0,0,0,56
HG02032,51,5,0,0,5,56
HG02088,48,5,3,0,8,56
HG01840,52,0,4,0,4,56
HG01855,50,5,1,0,6,56
HG02050,46,3,7,0,10,56
HG01844,51,3,2,0,5,56
HG02067,50,4,2,0,6,56
HG02133,55,1,0,0,1,56
HG02127,52,2,2,0,4,56
HG02512,54,0,2,0,2,56
HG02040,54,0,0,2,2,56
HG01859,54,2,0,0,2,56
HG02078,49,7,0,0,7,56
HG02070,55,0,1,0,1,56
HG02029,48,3,5,0,8,56
HG02116,51,0,5,0,5,56
HG01842,55,0,1,0,1,56
HG01867,56,0,0,0,0,56
HG02060,55,1,0,0,1,56
HG01843,56,0,0,0,0,56
HG02028,50,5,1,0,6,56
HG01861,55,1,0,0,1,56
HG01869,55,0,1,0,1,56
HG01865,49,0,7,0,7,56
HG01848,55,1,0,0,1,56
HG02048,53,3,0,0,3,56
HG02130,53,3,0,0,3,56
HG01595,49,6,1,0,7,56
HG01860,53,0,3,0,3,56
HG01853,56,0,0,0,0,56
HG02139,56,0,0,0,0,56
HG02121,54,1,1,0,2,56
HG01858,50,6,0,0,6,56
HG02058,49,1,6,0,7,56
HG02076,54,2,0,0,2,56
HG02131,55,0,1,0,1,56
HG02522,56,0,0,0,0,56
HG02019,56,0,0,0,0,56
HG01851,55,0,1,0,1,56
HG02016,55,0,1,0,1,56
HG01874,53,0,3,0,3,56
HG02057,54,0,2,0,2,56
HG02521,48,1,7,0,8,56
HG02035,52,0,4,0,4,56
HG02025,54,1,1,0,2,56
HG02128,49,7,0,0,7,56
HG01862,50,0,6,0,6,56
HG02134,55,0,1,0,1,56
HG02082,55,0,1,0,1,56
HG02122,54,0,2,0,2,56
HG01870,51,4,1,0,5,56
HG02136,56,0,0,0,0,56
HG01852,46,0,10,0,10,56
HG02137,53,3,0,0,3,56
HG01850,56,0,0,0,0,56
HG01857,56,0,0,0,0,56
HG02061,54,2,0,0,2,56
HG02142,48,1,2,5,8,56
HG01863,49,7,0,0,7,56
HG02026,55,1,0,0,1,56
HG01871,55,0,1,0,1,56
HG02141,55,1,0,0,1,56
HG01873,55,1,0,0,1,56
HG02049,56,0,0,0,0,56
HG02086,56,0,0,0,0,56
HG02113,49,1,6,0,7,56
HG01847,56,0,0,0,0,56
