vn_genome_ids,c00,c01,c10,c11,c1s,c_sum
HG02513,147,0,0,4,4,151
HG02138,136,7,4,4,15,151
HG02075,112,31,3,5,39,151
HG02031,114,27,6,4,37,151
HG02084,146,1,0,4,5,151
HG02047,141,2,0,8,10,151
HG01597,139,2,5,5,12,151
HG01849,146,3,0,2,5,151
HG02023,117,30,0,4,34,151
HG01846,142,1,4,4,9,151
HG02081,109,32,6,4,42,151
HG01599,111,7,29,4,40,151
HG01866,115,30,2,4,36,151
HG02064,111,29,7,4,40,151
HG02069,146,3,0,2,5,151
HG02087,147,0,0,4,4,151
HG02017,141,6,2,2,10,151
HG01864,141,0,6,4,10,151
HG01868,142,4,1,4,9,151
HG01596,111,6,30,4,40,151
HG02072,141,2,0,8,10,151
HG02079,145,2,0,4,6,151
HG01600,141,3,2,5,10,151
HG02140,141,1,5,4,10,151
HG01841,117,29,1,4,34,151
HG02020,116,29,2,4,35,151
HG01878,115,31,1,4,36,151
HG02085,114,0,33,4,37,151
HG01598,142,1,0,8,9,151
HG01872,116,33,0,2,35,151
HG02073,119,28,0,4,32,151
HG01845,147,0,0,4,4,151
HG02032,140,4,3,4,11,151
HG02088,142,5,2,2,9,151
HG01840,118,0,1,32,33,151
HG01855,146,0,1,4,5,151
HG02050,118,0,1,32,33,151
HG01844,140,6,1,4,11,151
HG02067,118,29,0,4,33,151
HG02133,146,0,1,4,5,151
HG02127,112,4,31,4,39,151
HG02512,144,3,2,2,7,151
HG02040,141,2,4,4,10,151
HG01859,146,0,0,5,5,151
HG02078,143,6,0,2,8,151
HG02070,131,4,12,4,20,151
HG02029,110,31,6,4,41,151
HG02116,141,0,8,2,10,151
HG01842,147,0,2,2,4,151
HG01867,115,30,2,4,36,151
HG02060,139,1,3,8,12,151
HG01843,117,28,2,4,34,151
HG02028,116,29,2,4,35,151
HG01861,112,7,28,4,39,151
HG01869,113,30,4,4,38,151
HG01865,139,7,1,4,12,151
HG01848,114,1,32,4,37,151
HG02048,141,6,2,2,10,151
HG02130,136,6,5,4,15,151
HG01595,117,1,28,5,34,151
HG01860,142,1,3,5,9,151
HG01853,131,13,3,4,20,151
HG02139,140,0,3,8,11,151
HG02121,117,0,30,4,34,151
HG01858,145,0,4,2,6,151
HG02058,143,4,0,4,8,151
HG02076,140,4,2,5,11,151
HG02131,142,5,0,4,9,151
HG02522,143,4,0,4,8,151
HG02019,139,5,2,5,12,151
HG01851,143,4,0,4,8,151
HG02016,143,1,2,5,8,151
HG01874,138,3,8,2,13,151
HG02057,139,6,2,4,12,151
HG02521,112,5,30,4,39,151
HG02035,119,1,27,4,32,151
HG02025,143,0,6,2,8,151
HG02128,147,0,0,4,4,151
HG01862,117,0,30,4,34,151
HG02134,143,0,6,2,8,151
HG02082,143,0,4,4,8,151
HG02122,114,33,2,2,37,151
HG01870,141,4,4,2,10,151
HG02136,141,6,0,4,10,151
HG01852,111,6,30,4,40,151
HG02137,143,2,1,5,8,151
HG01850,112,29,6,4,39,151
HG01857,147,0,0,4,4,151
HG02061,115,28,4,4,36,151
HG02142,140,1,2,8,11,151
HG01863,145,1,1,4,6,151
HG02026,118,0,31,2,33,151
HG01871,145,0,2,4,6,151
HG02141,116,2,28,5,35,151
HG01873,114,32,3,2,37,151
HG02049,147,0,0,4,4,151
HG02086,141,4,1,5,10,151
HG02113,139,5,2,5,12,151
HG01847,142,0,1,8,9,151
