vn_genome_ids,c00,c01,c10,c11,c1s,c_sum
HG02513,122,0,0,0,0,122
HG02138,115,3,4,0,7,122
HG02075,91,28,2,1,31,122
HG02031,95,25,2,0,27,122
HG02084,122,0,0,0,0,122
HG02047,120,2,0,0,2,122
HG01597,118,2,2,0,4,122
HG01849,121,1,0,0,1,122
HG02023,95,27,0,0,27,122
HG01846,121,1,0,0,1,122
HG02081,91,29,2,0,31,122
HG01599,92,3,27,0,30,122
HG01866,93,28,1,0,29,122
HG02064,92,27,3,0,30,122
HG02069,121,1,0,0,1,122
HG02087,122,0,0,0,0,122
HG02017,121,0,1,0,1,122
HG01864,117,0,5,0,5,122
HG01868,121,0,1,0,1,122
HG01596,93,2,27,0,29,122
HG02072,120,2,0,0,2,122
HG02079,121,1,0,0,1,122
HG01600,120,0,2,0,2,122
HG02140,120,1,1,0,2,122
HG01841,95,27,0,0,27,122
HG02020,93,27,2,0,29,122
HG01878,94,28,0,0,28,122
HG02085,92,0,30,0,30,122
HG01598,121,1,0,0,1,122
HG01872,93,29,0,0,29,122
HG02073,96,26,0,0,26,122
HG01845,122,0,0,0,0,122
HG02032,120,0,2,0,2,122
HG02088,119,2,1,0,3,122
HG01840,95,0,1,26,27,122
HG01855,121,0,1,0,1,122
HG02050,95,0,1,26,27,122
HG01844,119,2,1,0,3,122
HG02067,95,27,0,0,27,122
HG02133,122,0,0,0,0,122
HG02127,93,0,29,0,29,122
HG02512,119,3,0,0,3,122
HG02040,120,2,0,0,2,122
HG01859,119,0,0,3,3,122
HG02078,119,3,0,0,3,122
HG02070,112,0,10,0,10,122
HG02029,92,28,2,0,30,122
HG02116,120,0,2,0,2,122
HG01842,122,0,0,0,0,122
HG01867,93,28,1,0,29,122
HG02060,118,1,3,0,4,122
HG01843,95,26,1,0,27,122
HG02028,94,27,1,0,28,122
HG01861,93,3,26,0,29,122
HG01869,94,28,0,0,28,122
HG01865,118,3,1,0,4,122
HG01848,93,0,29,0,29,122
HG02048,119,3,0,0,3,122
HG02130,116,2,4,0,6,122
HG01595,94,1,26,1,28,122
HG01860,121,1,0,0,1,122
HG01853,109,11,2,0,13,122
HG02139,119,0,3,0,3,122
HG02121,94,0,28,0,28,122
HG01858,120,0,2,0,2,122
HG02058,122,0,0,0,0,122
HG02076,119,1,2,0,3,122
HG02131,118,4,0,0,4,122
HG02522,122,0,0,0,0,122
HG02019,118,2,2,0,4,122
HG01851,122,0,0,0,0,122
HG02016,120,1,1,0,2,122
HG01874,117,3,2,0,5,122
HG02057,119,1,2,0,3,122
HG02521,93,1,28,0,29,122
HG02035,96,1,25,0,26,122
HG02025,122,0,0,0,0,122
HG02128,122,0,0,0,0,122
HG01862,95,0,27,0,27,122
HG02134,122,0,0,0,0,122
HG02082,122,0,0,0,0,122
HG02122,92,29,1,0,30,122
HG01870,120,1,1,0,2,122
HG02136,120,2,0,0,2,122
HG01852,93,2,27,0,29,122
HG02137,119,2,1,0,3,122
HG01850,93,27,2,0,29,122
HG01857,122,0,0,0,0,122
HG02061,96,26,0,0,26,122
HG02142,120,0,2,0,2,122
HG01863,121,1,0,0,1,122
HG02026,95,0,27,0,27,122
HG01871,120,0,2,0,2,122
HG02141,94,1,26,1,28,122
HG01873,91,28,3,0,31,122
HG02049,122,0,0,0,0,122
HG02086,120,1,1,0,2,122
HG02113,118,2,2,0,4,122
HG01847,121,0,1,0,1,122
