vn_genome_ids,c00,c01,c10,c11,c1s,c_sum
HG02513,45,6,1,10,17,62
HG02138,48,2,2,10,14,62
HG02075,45,11,3,3,17,62
HG02031,45,2,5,10,17,62
HG02084,45,3,1,13,17,62
HG02047,44,1,7,10,18,62
HG01597,47,3,2,10,15,62
HG01849,48,1,3,10,14,62
HG02023,45,4,3,10,17,62
HG01846,44,6,2,10,18,62
HG02081,44,1,7,10,18,62
HG01599,44,2,11,5,18,62
HG01866,48,1,2,11,14,62
HG02064,35,7,15,5,27,62
HG02069,45,4,3,10,17,62
HG02087,42,3,7,10,20,62
HG02017,44,5,2,11,18,62
HG01864,45,3,2,12,17,62
HG01868,45,6,1,10,17,62
HG01596,46,2,0,14,16,62
HG02072,45,10,5,2,17,62
HG02079,44,2,7,9,18,62
HG01600,37,12,8,5,25,62
HG02140,47,4,1,10,15,62
HG01841,45,1,3,13,17,62
HG02020,44,1,6,11,18,62
HG01878,37,5,15,5,25,62
HG02085,34,8,12,8,28,62
HG01598,44,1,6,11,18,62
HG01872,45,7,0,10,17,62
HG02073,44,5,3,10,18,62
HG01845,44,2,3,13,18,62
HG02032,40,5,5,12,22,62
HG02088,45,0,6,11,17,62
HG01840,48,4,1,9,14,62
HG01855,45,3,3,11,17,62
HG02050,45,7,0,10,17,62
HG01844,44,4,10,4,18,62
HG02067,36,10,9,7,26,62
HG02133,48,10,3,1,14,62
HG02127,44,4,1,13,18,62
HG02512,44,4,2,12,18,62
HG02040,45,2,1,14,17,62
HG01859,45,2,5,10,17,62
HG02078,43,2,5,12,19,62
HG02070,45,3,1,13,17,62
HG02029,45,4,0,13,17,62
HG02116,44,5,2,11,18,62
HG01842,37,11,7,7,25,62
HG01867,45,0,4,13,17,62
HG02060,46,4,2,10,16,62
HG01843,45,3,4,10,17,62
HG02028,45,6,1,10,17,62
HG01861,36,10,8,8,26,62
HG01869,47,2,3,10,15,62
HG01865,48,3,1,10,14,62
HG01848,36,7,14,5,26,62
HG02048,44,4,1,13,18,62
HG02130,45,1,2,14,17,62
HG01595,44,2,3,13,18,62
HG01860,48,3,0,11,14,62
HG01853,44,4,2,12,18,62
HG02139,44,2,5,11,18,62
HG02121,42,3,6,11,20,62
HG01858,46,3,3,10,16,62
HG02058,44,6,10,2,18,62
HG02076,37,15,5,5,25,62
HG02131,47,3,2,10,15,62
HG02522,36,8,13,5,26,62
HG02019,46,13,2,1,16,62
HG01851,45,2,1,14,17,62
HG02016,34,9,12,7,28,62
HG01874,39,5,13,5,23,62
HG02057,43,0,5,14,19,62
HG02521,44,4,1,13,18,62
HG02035,45,14,1,2,17,62
HG02025,45,1,6,10,17,62
HG02128,44,5,1,12,18,62
HG01862,45,7,0,10,17,62
HG02134,43,0,9,10,19,62
HG02082,44,7,10,1,18,62
HG02122,37,7,13,5,25,62
HG01870,47,9,4,2,15,62
HG02136,43,15,2,2,19,62
HG01852,42,1,5,14,20,62
HG02137,43,5,9,5,19,62
HG01850,49,1,2,10,13,62
HG01857,44,4,1,13,18,62
HG02061,46,6,0,10,16,62
HG02142,44,4,1,13,18,62
HG01863,46,2,3,11,16,62
HG02026,42,1,9,10,20,62
HG01871,46,1,4,11,16,62
HG02141,42,3,6,11,20,62
HG01873,42,7,2,11,20,62
HG02049,43,1,8,10,19,62
HG02086,46,2,4,10,16,62
HG02113,46,1,13,2,16,62
HG01847,45,4,2,11,17,62
