vn_genome_ids,c00,c01,c10,c11,c1s,c_sum
HG02513,525,0,187,0,187,712
HG02138,700,8,4,0,12,712
HG02075,699,4,9,0,13,712
HG02031,493,183,36,0,219,712
HG02084,523,2,187,0,189,712
HG02047,529,181,2,0,183,712
HG01597,524,3,185,0,188,712
HG01849,525,4,1,182,187,712
HG02023,669,37,6,0,43,712
HG01846,673,2,37,0,39,712
HG02081,522,186,4,0,190,712
HG01599,709,1,2,0,3,712
HG01866,672,4,36,0,40,712
HG02064,708,0,4,0,4,712
HG02069,524,3,185,0,188,712
HG02087,501,5,206,0,211,712
HG02017,702,5,5,0,10,712
HG01864,522,187,3,0,190,712
HG01868,693,2,17,0,19,712
HG01596,703,6,3,0,9,712
HG02072,708,0,4,0,4,712
HG02079,519,4,189,0,193,712
HG01600,706,2,4,0,6,712
HG02140,524,185,3,0,188,712
HG01841,709,2,1,0,3,712
HG02020,703,4,5,0,9,712
HG01878,702,3,6,1,10,712
HG02085,707,3,2,0,5,712
HG01598,521,188,3,0,191,712
HG01872,519,187,6,0,193,712
HG02073,702,4,6,0,10,712
HG01845,708,2,2,0,4,712
HG02032,703,5,4,0,9,712
HG02088,524,184,4,0,188,712
HG01840,668,4,40,0,44,712
HG01855,607,105,0,0,105,712
HG02050,524,4,184,0,188,712
HG01844,524,186,2,0,188,712
HG02067,522,6,184,0,190,712
HG02133,702,6,4,0,10,712
HG02127,704,3,5,0,8,712
HG02512,705,5,2,0,7,712
HG02040,665,6,41,0,47,712
HG01859,524,4,184,0,188,712
HG02078,479,194,27,12,233,712
HG02070,702,6,4,0,10,712
HG02029,527,183,2,0,185,712
HG02116,528,2,182,0,184,712
HG01842,478,26,196,12,234,712
HG01867,524,3,185,0,188,712
HG02060,706,3,3,0,6,712
HG01843,668,6,38,0,44,712
HG02028,695,0,17,0,17,712
HG01861,706,2,4,0,6,712
HG01869,526,1,185,0,186,712
HG01865,522,4,186,0,190,712
HG01848,671,37,4,0,41,712
HG02048,519,188,5,0,193,712
HG02130,673,39,0,0,39,712
HG01595,708,2,2,0,4,712
HG01860,704,4,4,0,8,712
HG01853,529,180,3,0,183,712
HG02139,705,4,3,0,7,712
HG02121,606,103,3,0,106,712
HG01858,524,184,4,0,188,712
HG02058,704,1,7,0,8,712
HG02076,707,1,4,0,5,712
HG02131,524,3,185,0,188,712
HG02522,706,2,4,0,6,712
HG02019,672,35,5,0,40,712
HG01851,526,3,183,0,186,712
HG02016,674,37,1,0,38,712
HG01874,701,5,6,0,11,712
HG02057,701,5,6,0,11,712
HG02521,705,3,4,0,7,712
HG02035,707,3,2,0,5,712
HG02025,523,186,3,0,189,712
HG02128,520,186,6,0,192,712
HG01862,706,1,5,0,6,712
HG02134,502,208,2,0,210,712
HG02082,704,3,5,0,8,712
HG02122,705,6,1,0,7,712
HG01870,523,2,187,0,189,712
HG02136,673,35,4,0,39,712
HG01852,503,206,3,0,209,712
HG02137,525,1,4,182,187,712
HG01850,688,7,17,0,24,712
HG01857,708,2,2,0,4,712
HG02061,705,3,4,0,7,712
HG02142,704,3,5,0,8,712
HG01863,524,1,5,182,188,712
HG02026,667,38,7,0,45,712
HG01871,708,1,3,0,4,712
HG02141,667,5,40,0,45,712
HG01873,702,6,4,0,10,712
HG02049,707,1,2,2,5,712
HG02086,705,3,4,0,7,712
HG02113,702,5,5,0,10,712
HG01847,704,5,3,0,8,712
