vn_genome_ids,c00,c01,c10,c11,c1s,c_sum
HG02513,115,11,6,0,17,132
HG02138,112,3,17,0,20,132
HG02075,107,16,9,0,25,132
HG02031,120,5,6,1,12,132
HG02084,111,12,9,0,21,132
HG02047,113,3,16,0,19,132
HG01597,120,2,9,1,12,132
HG01849,122,2,8,0,10,132
HG02023,118,11,3,0,14,132
HG01846,108,3,21,0,24,132
HG02081,124,3,5,0,8,132
HG01599,121,2,9,0,11,132
HG01866,109,7,16,0,23,132
HG02064,102,11,14,5,30,132
HG02069,102,12,17,1,30,132
HG02087,111,2,19,0,21,132
HG02017,110,14,8,0,22,132
HG01864,120,1,1,10,12,132
HG01868,103,10,11,8,29,132
HG01596,110,20,2,0,22,132
HG02072,118,4,10,0,14,132
HG02079,111,17,4,0,21,132
HG01600,122,5,5,0,10,132
HG02140,102,12,17,1,30,132
HG01841,109,15,1,7,23,132
HG02020,96,16,19,1,36,132
HG01878,106,4,22,0,26,132
HG02085,106,5,21,0,26,132
HG01598,114,7,3,8,18,132
HG01872,104,7,21,0,28,132
HG02073,105,22,5,0,27,132
HG01845,120,0,0,12,12,132
HG02032,118,9,5,0,14,132
HG02088,124,5,3,0,8,132
HG01840,111,18,2,1,21,132
HG01855,116,6,2,8,16,132
HG02050,115,12,5,0,17,132
HG01844,112,7,13,0,20,132
HG02067,124,5,3,0,8,132
HG02133,112,0,1,19,20,132
HG02127,119,5,8,0,13,132
HG02512,121,6,4,1,11,132
HG02040,119,9,4,0,13,132
HG01859,119,1,10,2,13,132
HG02078,125,0,0,7,7,132
HG02070,118,5,9,0,14,132
HG02029,110,13,9,0,22,132
HG02116,111,12,9,0,21,132
HG01842,119,2,1,10,13,132
HG01867,114,6,12,0,18,132
HG02060,117,8,7,0,15,132
HG01843,123,5,4,0,9,132
HG02028,114,1,12,5,18,132
HG01861,116,7,6,3,16,132
HG01869,102,11,19,0,30,132
HG01865,95,16,19,2,37,132
HG01848,124,5,3,0,8,132
HG02048,117,12,3,0,15,132
HG02130,102,23,7,0,30,132
HG01595,117,12,3,0,15,132
HG01860,99,11,22,0,33,132
HG01853,90,21,21,0,42,132
HG02139,118,3,11,0,14,132
HG02121,121,2,3,6,11,132
HG01858,118,9,0,5,14,132
HG02058,106,23,3,0,26,132
HG02076,124,3,5,0,8,132
HG02131,108,8,16,0,24,132
HG02522,116,3,13,0,16,132
HG02019,126,1,3,2,6,132
HG01851,120,7,5,0,12,132
HG02016,106,23,3,0,26,132
HG01874,100,17,15,0,32,132
HG02057,105,15,12,0,27,132
HG02521,107,3,22,0,25,132
HG02035,91,20,21,0,41,132
HG02025,112,2,15,3,20,132
HG02128,112,15,5,0,20,132
HG01862,115,15,2,0,17,132
HG02134,107,18,7,0,25,132
HG02082,125,4,3,0,7,132
HG02122,114,7,3,8,18,132
HG01870,113,7,12,0,19,132
HG02136,123,2,7,0,9,132
HG01852,112,2,16,2,20,132
HG02137,110,3,19,0,22,132
HG01850,124,5,3,0,8,132
HG01857,111,5,16,0,21,132
HG02061,107,18,7,0,25,132
HG02142,125,4,3,0,7,132
HG01863,106,8,18,0,26,132
HG02026,103,20,9,0,29,132
HG01871,122,3,2,5,10,132
HG02141,127,0,0,5,5,132
HG01873,126,3,3,0,6,132
HG02049,123,3,6,0,9,132
HG02086,123,2,6,1,9,132
HG02113,96,18,17,1,36,132
HG01847,111,12,9,0,21,132
