vn_genome_ids,c00,c01,c10,c11,c1s,c_sum
HG02513,344,96,147,8,251,595
HG02138,330,111,64,90,265,595
HG02075,389,23,108,75,206,595
HG02031,407,40,84,64,188,595
HG02084,492,0,5,98,103,595
HG02047,490,5,8,92,105,595
HG01597,343,152,92,8,252,595
HG01849,342,95,150,8,253,595
HG02023,333,28,101,133,262,595
HG01846,332,59,165,39,263,595
HG02081,487,3,7,98,108,595
HG01599,441,0,2,152,154,595
HG01866,346,144,93,12,249,595
HG02064,344,93,150,8,251,595
HG02069,316,174,49,56,279,595
HG02087,460,9,31,95,135,595
HG02017,345,96,24,130,250,595
HG01864,328,112,133,22,267,595
HG01868,488,3,4,100,107,595
HG01596,489,4,2,100,106,595
HG02072,347,90,146,12,248,595
HG02079,388,3,6,198,207,595
HG01600,317,173,49,56,278,595
HG02140,330,162,65,38,265,595
HG01841,303,63,159,70,292,595
HG02020,320,139,44,92,275,595
HG01878,325,168,64,38,270,595
HG02085,431,59,6,99,164,595
HG01598,343,98,23,131,252,595
HG01872,340,97,150,8,255,595
HG02073,323,68,166,38,272,595
HG01845,331,64,110,90,264,595
HG02032,488,5,2,100,107,595
HG02088,489,2,4,100,106,595
HG01840,341,97,25,132,254,595
HG01855,456,7,35,97,139,595
HG02050,484,9,5,97,111,595
HG01844,344,146,97,8,251,595
HG02067,333,131,68,63,262,595
HG02133,344,22,94,135,251,595
HG02127,375,94,118,8,220,595
HG02512,329,65,137,64,266,595
HG02040,488,2,5,100,107,595
HG01859,339,26,98,132,256,595
HG02078,317,175,49,54,278,595
HG02070,343,96,97,59,252,595
HG02029,344,148,95,8,251,595
HG02116,488,5,3,99,107,595
HG01842,330,164,63,38,265,595
HG01867,334,109,61,91,261,595
HG02060,360,4,5,226,235,595
HG01843,343,95,25,132,252,595
HG02028,315,80,55,145,280,595
HG01861,486,5,6,98,109,595
HG01869,330,65,162,38,265,595
HG01865,284,110,141,60,311,595
HG01848,345,148,94,8,250,595
HG02048,316,49,126,104,279,595
HG02130,489,1,3,102,106,595
HG01595,320,172,47,56,275,595
HG01860,330,67,161,37,265,595
HG01853,318,174,47,56,277,595
HG02139,332,64,162,37,263,595
HG02121,328,66,163,38,267,595
HG01858,334,136,61,64,261,595
HG02058,317,176,46,56,278,595
HG02076,391,3,3,198,204,595
HG02131,331,162,64,38,264,595
HG02522,324,56,37,178,271,595
HG02019,343,98,21,133,252,595
HG01851,326,160,67,42,269,595
HG02016,342,24,97,132,253,595
HG01874,311,81,57,146,284,595
HG02057,324,166,67,38,271,595
HG02521,321,174,45,55,274,595
HG02035,365,0,3,227,230,595
HG02025,389,9,5,192,206,595
HG02128,326,141,87,41,269,595
HG01862,325,138,70,62,270,595
HG02134,388,6,3,198,207,595
HG02082,344,147,96,8,251,595
HG02122,415,74,7,99,180,595
HG01870,318,48,175,54,277,595
HG02136,330,63,111,91,265,595
HG01852,352,93,138,12,243,595
HG02137,306,160,61,68,289,595
HG01850,372,125,21,77,223,595
HG01857,327,165,67,36,268,595
HG02061,313,163,54,65,282,595
HG02142,313,58,80,144,282,595
HG01863,342,147,94,12,253,595
HG02026,317,175,47,56,278,595
HG01871,441,27,22,105,154,595
HG02141,311,56,85,143,284,595
HG01873,364,126,43,62,231,595
HG02049,306,60,85,144,289,595
HG02086,329,65,164,37,266,595
HG02113,333,107,132,23,262,595
HG01847,342,23,95,135,253,595
