vn_genome_ids,c00,c01,c10,c11,c1s,c_sum
HG02513,284,6,23,0,29,313
HG02138,246,48,19,0,67,313
HG02075,259,20,34,0,54,313
HG02031,281,5,27,0,32,313
HG02084,309,0,2,2,4,313
HG02047,307,4,2,0,6,313
HG01597,284,27,2,0,29,313
HG01849,285,5,23,0,28,313
HG02023,249,25,39,0,64,313
HG01846,261,4,48,0,52,313
HG02081,305,3,5,0,8,313
HG01599,293,0,2,18,20,313
HG01866,288,19,6,0,25,313
HG02064,286,4,23,0,27,313
HG02069,285,22,6,0,28,313
HG02087,294,4,14,1,19,313
HG02017,272,21,20,0,41,313
HG01864,274,18,21,0,39,313
HG01868,305,3,4,1,8,313
HG01596,306,3,2,2,7,313
HG02072,290,3,20,0,23,313
HG02079,262,1,4,46,51,313
HG01600,286,21,6,0,27,313
HG02140,262,47,4,0,51,313
HG01841,274,18,21,0,39,313
HG02020,249,23,41,0,64,313
HG01878,258,52,3,0,55,313
HG02085,305,2,4,2,8,313
HG01598,271,22,20,0,42,313
HG01872,283,6,24,0,30,313
HG02073,257,6,50,0,56,313
HG01845,245,21,47,0,68,313
HG02032,305,4,2,2,8,313
HG02088,306,2,4,1,7,313
HG01840,270,21,22,0,43,313
HG01855,292,4,16,1,21,313
HG02050,301,8,3,1,12,313
HG01844,283,25,5,0,30,313
HG02067,262,36,4,11,51,313
HG02133,271,20,22,0,42,313
HG02127,273,7,33,0,40,313
HG02512,260,5,37,11,53,313
HG02040,305,2,5,1,8,313
HG01859,267,24,22,0,46,313
HG02078,286,22,5,0,27,313
HG02070,287,21,5,0,26,313
HG02029,285,24,4,0,28,313
HG02116,305,5,2,1,8,313
HG01842,260,49,4,0,53,313
HG01867,226,47,40,0,87,313
HG02060,287,3,3,20,26,313
HG01843,271,20,22,0,42,313
HG02028,245,21,47,0,68,313
HG01861,303,5,4,1,10,313
HG01869,262,4,47,0,51,313
HG01865,256,9,47,1,57,313
HG01848,287,21,5,0,26,313
HG02048,250,41,22,0,63,313
HG02130,306,1,3,3,7,313
HG01595,288,21,4,0,25,313
HG01860,262,5,46,0,51,313
HG01853,286,23,4,0,27,313
HG02139,260,6,47,0,53,313
HG02121,261,4,48,0,52,313
HG01858,263,35,4,11,50,313
HG02058,286,23,4,0,27,313
HG02076,265,1,1,46,48,313
HG02131,264,47,2,0,49,313
HG02522,258,12,14,29,55,313
HG02019,272,21,19,1,41,313
HG01851,259,49,5,0,54,313
HG02016,269,21,23,0,44,313
HG01874,245,20,48,0,68,313
HG02057,258,49,6,0,55,313
HG02521,289,22,2,0,24,313
HG02035,291,0,1,21,22,313
HG02025,261,7,3,42,52,313
HG02128,271,26,16,0,42,313
HG01862,258,38,6,11,55,313
HG02134,261,4,2,46,52,313
HG02082,288,20,5,0,25,313
HG02122,297,10,4,2,16,313
HG01870,288,3,22,0,25,313
HG02136,245,20,48,0,68,313
HG01852,288,6,19,0,25,313
HG02137,276,21,16,0,37,313
HG01850,244,49,20,0,69,313
HG01857,259,50,4,0,54,313
HG02061,282,21,10,0,31,313
HG02142,244,48,21,0,69,313
HG01863,286,23,4,0,27,313
HG02026,286,23,4,0,27,313
HG01871,282,5,14,12,31,313
HG02141,244,48,21,0,69,313
HG01873,281,26,6,0,32,313
HG02049,240,51,22,0,73,313
HG02086,262,3,48,0,51,313
HG02113,276,16,21,0,37,313
HG01847,271,20,22,0,42,313
