vn_genome_ids,c00,c01,c10,c11,c1s,c_sum
HG02513,274,28,3,0,31,305
HG02138,301,0,2,2,4,305
HG02075,302,2,1,0,3,305
HG02031,302,3,0,0,3,305
HG02084,304,0,1,0,1,305
HG02047,299,2,4,0,6,305
HG01597,245,59,1,0,60,305
HG01849,302,3,0,0,3,305
HG02023,215,39,35,16,90,305
HG01846,245,4,56,0,60,305
HG02081,212,91,2,0,93,305
HG01599,304,0,1,0,1,305
HG01866,300,2,3,0,5,305
HG02064,214,0,91,0,91,305
HG02069,255,2,48,0,50,305
HG02087,255,49,1,0,50,305
HG02017,301,3,1,0,4,305
HG01864,300,3,2,0,5,305
HG01868,247,4,3,51,58,305
HG01596,303,0,0,2,2,305
HG02072,246,3,56,0,59,305
HG02079,297,5,3,0,8,305
HG01600,256,0,49,0,49,305
HG02140,301,3,1,0,4,305
HG01841,207,92,6,0,98,305
HG02020,253,5,47,0,52,305
HG01878,298,3,4,0,7,305
HG02085,245,2,58,0,60,305
HG01598,248,1,0,56,57,305
HG01872,211,93,1,0,94,305
HG02073,302,0,3,0,3,305
HG01845,246,3,56,0,59,305
HG02032,297,3,5,0,8,305
HG02088,302,1,0,2,3,305
HG01840,216,0,89,0,89,305
HG01855,255,47,3,0,50,305
HG02050,300,0,3,2,5,305
HG01844,303,2,0,0,2,305
HG02067,188,27,61,29,117,305
HG02133,248,1,56,0,57,305
HG02127,216,32,41,16,89,305
HG02512,251,50,4,0,54,305
HG02040,248,1,35,21,57,305
HG01859,213,2,90,0,92,305
HG02078,247,4,1,53,58,305
HG02070,302,0,0,3,3,305
HG02029,255,48,2,0,50,305
HG02116,254,48,3,0,51,305
HG01842,303,2,0,0,2,305
HG01867,210,3,92,0,95,305
HG02060,210,93,2,0,95,305
HG01843,186,28,62,29,119,305
HG02028,301,0,2,2,4,305
HG01861,211,90,4,0,94,305
HG01869,300,1,2,2,5,305
HG01865,212,0,93,0,93,305
HG01848,244,56,5,0,61,305
HG02048,302,1,2,0,3,305
HG02130,301,2,2,0,4,305
HG01595,301,2,2,0,4,305
HG01860,302,2,1,0,3,305
HG01853,302,3,0,0,3,305
HG02139,299,4,2,0,6,305
HG02121,181,76,32,16,124,305
HG01858,248,1,56,0,57,305
HG02058,246,3,56,0,59,305
HG02076,247,1,57,0,58,305
HG02131,301,2,2,0,4,305
HG02522,246,2,57,0,59,305
HG02019,302,2,1,0,3,305
HG01851,303,1,1,0,2,305
HG02016,255,2,47,1,50,305
HG01874,301,0,4,0,4,305
HG02057,245,4,56,0,60,305
HG02521,299,2,4,0,6,305
HG02035,301,2,2,0,4,305
HG02025,299,3,1,2,6,305
HG02128,245,3,57,0,60,305
HG01862,214,90,1,0,91,305
HG02134,299,3,3,0,6,305
HG02082,245,57,3,0,60,305
HG02122,301,1,3,0,4,305
HG01870,298,3,4,0,7,305
HG02136,302,0,3,0,3,305
HG01852,249,54,2,0,56,305
HG02137,245,57,3,0,60,305
HG01850,299,2,4,0,6,305
HG01857,301,1,3,0,4,305
HG02061,249,0,8,48,56,305
HG02142,211,92,2,0,94,305
HG01863,245,58,2,0,60,305
HG02026,297,5,3,0,8,305
HG01871,300,4,1,0,5,305
HG02141,302,1,2,0,3,305
HG01873,300,2,3,0,5,305
HG02049,295,4,6,0,10,305
HG02086,299,2,4,0,6,305
HG02113,176,37,76,16,129,305
HG01847,246,54,5,0,59,305
