vn_genome_ids,c00,c01,c10,c11,c1s,c_sum
HG02513,88,4,10,0,14,102
HG02138,93,5,4,0,9,102
HG02075,86,11,5,0,16,102
HG02031,99,2,1,0,3,102
HG02084,97,4,1,0,5,102
HG02047,92,2,7,1,10,102
HG01597,88,3,11,0,14,102
HG01849,87,12,3,0,15,102
HG02023,91,0,11,0,11,102
HG01846,93,4,4,1,9,102
HG02081,93,5,2,2,9,102
HG01599,95,3,4,0,7,102
HG01866,94,5,1,2,8,102
HG02064,92,2,7,1,10,102
HG02069,87,8,6,1,15,102
HG02087,88,9,3,2,14,102
HG02017,87,5,8,2,15,102
HG01864,91,6,3,2,11,102
HG01868,98,0,4,0,4,102
HG01596,99,3,0,0,3,102
HG02072,89,5,7,1,13,102
HG02079,95,2,5,0,7,102
HG01600,94,2,6,0,8,102
HG02140,96,1,5,0,6,102
HG01841,89,4,9,0,13,102
HG02020,88,6,8,0,14,102
HG01878,95,4,3,0,7,102
HG02085,91,6,4,1,11,102
HG01598,90,9,3,0,12,102
HG01872,86,5,11,0,16,102
HG02073,87,11,4,0,15,102
HG01845,95,3,2,2,7,102
HG02032,90,10,2,0,12,102
HG02088,91,2,9,0,11,102
HG01840,93,8,1,0,9,102
HG01855,97,1,1,3,5,102
HG02050,97,3,0,2,5,102
HG01844,93,3,6,0,9,102
HG02067,93,3,6,0,9,102
HG02133,97,0,5,0,5,102
HG02127,96,2,4,0,6,102
HG02512,89,4,9,0,13,102
HG02040,88,3,11,0,14,102
HG01859,93,9,0,0,9,102
HG02078,92,6,4,0,10,102
HG02070,92,1,8,1,10,102
HG02029,88,8,6,0,14,102
HG02116,93,9,0,0,9,102
HG01842,85,6,9,2,17,102
HG01867,97,1,2,2,5,102
HG02060,97,0,5,0,5,102
HG01843,88,2,12,0,14,102
HG02028,98,2,2,0,4,102
HG01861,90,7,5,0,12,102
HG01869,89,7,3,3,13,102
HG01865,93,2,3,4,9,102
HG01848,92,8,2,0,10,102
HG02048,96,6,0,0,6,102
HG02130,91,5,6,0,11,102
HG01595,94,5,1,2,8,102
HG01860,87,6,9,0,15,102
HG01853,97,5,0,0,5,102
HG02139,95,4,3,0,7,102
HG02121,98,0,2,2,4,102
HG01858,96,0,6,0,6,102
HG02058,91,8,3,0,11,102
HG02076,95,4,3,0,7,102
HG02131,92,3,7,0,10,102
HG02522,89,2,9,2,13,102
HG02019,90,5,7,0,12,102
HG01851,96,6,0,0,6,102
HG02016,87,5,8,2,15,102
HG01874,94,3,5,0,8,102
HG02057,96,2,4,0,6,102
HG02521,96,4,1,1,6,102
HG02035,95,2,1,4,7,102
HG02025,96,4,2,0,6,102
HG02128,93,2,5,2,9,102
HG01862,95,4,3,0,7,102
HG02134,94,5,0,3,8,102
HG02082,94,2,6,0,8,102
HG02122,89,4,9,0,13,102
HG01870,95,3,4,0,7,102
HG02136,94,6,2,0,8,102
HG01852,91,8,3,0,11,102
HG02137,98,3,1,0,4,102
HG01850,90,5,6,1,12,102
HG01857,95,2,5,0,7,102
HG02061,90,1,11,0,12,102
HG02142,95,2,5,0,7,102
HG01863,89,4,3,6,13,102
HG02026,95,4,1,2,7,102
HG01871,93,2,7,0,9,102
HG02141,98,1,3,0,4,102
HG01873,96,2,4,0,6,102
HG02049,98,2,2,0,4,102
HG02086,97,0,5,0,5,102
HG02113,85,8,9,0,17,102
HG01847,89,10,3,0,13,102
