vn_genome_ids,c00,c01,c10,c11,c1s,c_sum
HG02513,115,2,1,0,3,118
HG02138,99,17,2,0,19,118
HG02075,115,3,0,0,3,118
HG02031,93,25,0,0,25,118
HG02084,115,0,3,0,3,118
HG02047,118,0,0,0,0,118
HG01597,91,27,0,0,27,118
HG01849,105,1,11,1,13,118
HG02023,94,24,0,0,24,118
HG01846,118,0,0,0,0,118
HG02081,116,1,1,0,2,118
HG01599,100,18,0,0,18,118
HG01866,117,1,0,0,1,118
HG02064,116,2,0,0,2,118
HG02069,82,23,13,0,36,118
HG02087,117,1,0,0,1,118
HG02017,116,1,1,0,2,118
HG01864,93,1,24,0,25,118
HG01868,116,1,0,1,2,118
HG01596,93,1,24,0,25,118
HG02072,92,2,24,0,26,118
HG02079,117,0,1,0,1,118
HG01600,118,0,0,0,0,118
HG02140,93,0,25,0,25,118
HG01841,100,0,18,0,18,118
HG02020,89,5,1,23,29,118
HG01878,117,1,0,0,1,118
HG02085,116,2,0,0,2,118
HG01598,91,2,25,0,27,118
HG01872,115,3,0,0,3,118
HG02073,76,24,16,2,42,118
HG01845,116,2,0,0,2,118
HG02032,93,1,1,23,25,118
HG02088,82,24,12,0,36,118
HG01840,79,21,16,2,39,118
HG01855,90,2,3,23,28,118
HG02050,92,2,24,0,26,118
HG01844,94,23,1,0,24,118
HG02067,93,1,24,0,25,118
HG02133,98,18,2,0,20,118
HG02127,89,2,27,0,29,118
HG02512,94,24,0,0,24,118
HG02040,105,12,1,0,13,118
HG01859,116,2,0,0,2,118
HG02078,116,2,0,0,2,118
HG02070,111,3,4,0,7,118
HG02029,116,0,2,0,2,118
HG02116,116,2,0,0,2,118
HG01842,93,0,25,0,25,118
HG01867,91,24,3,0,27,118
HG02060,117,1,0,0,1,118
HG01843,101,0,17,0,17,118
HG02028,117,0,1,0,1,118
HG01861,97,19,2,0,21,118
HG01869,93,1,24,0,25,118
HG01865,116,2,0,0,2,118
HG01848,82,13,23,0,36,118
HG02048,94,22,2,0,24,118
HG02130,117,0,1,0,1,118
HG01595,117,1,0,0,1,118
HG01860,92,25,1,0,26,118
HG01853,92,1,25,0,26,118
HG02139,99,18,1,0,19,118
HG02121,116,2,0,0,2,118
HG01858,93,0,25,0,25,118
HG02058,117,1,0,0,1,118
HG02076,88,3,27,0,30,118
HG02131,94,24,0,0,24,118
HG02522,89,27,2,0,29,118
HG02019,89,2,27,0,29,118
HG01851,117,1,0,0,1,118
HG02016,94,0,24,0,24,118
HG01874,117,1,0,0,1,118
HG02057,114,1,1,2,4,118
HG02521,114,0,4,0,4,118
HG02035,90,1,4,23,28,118
HG02025,112,5,1,0,6,118
HG02128,118,0,0,0,0,118
HG01862,91,27,0,0,27,118
HG02134,117,1,0,0,1,118
HG02082,87,27,4,0,31,118
HG02122,116,2,0,0,2,118
HG01870,115,1,2,0,3,118
HG02136,95,0,23,0,23,118
HG01852,116,0,2,0,2,118
HG02137,91,24,3,0,27,118
HG01850,115,3,0,0,3,118
HG01857,115,3,0,0,3,118
HG02061,95,23,0,0,23,118
HG02142,92,2,24,0,26,118
HG01863,90,1,27,0,28,118
HG02026,97,3,18,0,21,118
HG01871,92,25,1,0,26,118
HG02141,80,21,15,2,38,118
HG01873,118,0,0,0,0,118
HG02049,117,1,0,0,1,118
HG02086,116,0,2,0,2,118
HG02113,91,0,4,23,27,118
HG01847,117,1,0,0,1,118
