vn_genome_ids,c00,c01,c10,c11,c1s,c_sum
HG02513,174,4,14,0,18,192
HG02138,185,5,2,0,7,192
HG02075,134,36,19,3,58,192
HG02031,176,14,2,0,16,192
HG02084,154,24,14,0,38,192
HG02047,177,14,1,0,15,192
HG01597,175,3,14,0,17,192
HG01849,169,23,0,0,23,192
HG02023,178,0,14,0,14,192
HG01846,157,22,13,0,35,192
HG02081,185,4,3,0,7,192
HG01599,176,0,16,0,16,192
HG01866,167,4,21,0,25,192
HG02064,173,2,17,0,19,192
HG02069,154,15,23,0,38,192
HG02087,168,22,2,0,24,192
HG02017,188,4,0,0,4,192
HG01864,175,0,17,0,17,192
HG01868,165,4,23,0,27,192
HG01596,189,1,0,2,3,192
HG02072,175,0,17,0,17,192
HG02079,186,1,5,0,6,192
HG01600,171,4,17,0,21,192
HG02140,178,14,0,0,14,192
HG01841,168,1,23,0,24,192
HG02020,134,36,19,3,58,192
HG01878,172,18,2,0,20,192
HG02085,151,25,16,0,41,192
HG01598,176,2,0,14,16,192
HG01872,169,5,18,0,23,192
HG02073,173,2,17,0,19,192
HG01845,167,0,3,22,25,192
HG02032,156,23,13,0,36,192
HG02088,167,2,23,0,25,192
HG01840,176,1,2,13,16,192
HG01855,167,1,24,0,25,192
HG02050,165,1,4,22,27,192
HG01844,177,1,14,0,15,192
HG02067,176,14,2,0,16,192
HG02133,179,0,13,0,13,192
HG02127,187,0,5,0,5,192
HG02512,155,14,23,0,37,192
HG02040,168,0,2,22,24,192
HG01859,167,24,1,0,25,192
HG02078,167,3,22,0,25,192
HG02070,188,1,3,0,4,192
HG02029,166,2,24,0,26,192
HG02116,174,2,3,13,18,192
HG01842,167,2,1,22,25,192
HG01867,154,22,16,0,38,192
HG02060,154,24,14,0,38,192
HG01843,170,0,22,0,22,192
HG02028,166,22,4,0,26,192
HG01861,187,2,3,0,5,192
HG01869,169,1,22,0,23,192
HG01865,175,16,1,0,17,192
HG01848,153,23,16,0,39,192
HG02048,155,22,15,0,37,192
HG02130,166,2,24,0,26,192
HG01595,154,14,24,0,38,192
HG01860,134,19,36,3,58,192
HG01853,188,3,1,0,4,192
HG02139,189,2,1,0,3,192
HG02121,153,14,25,0,39,192
HG01858,170,0,0,22,22,192
HG02058,189,2,1,0,3,192
HG02076,167,3,22,0,25,192
HG02131,156,22,14,0,36,192
HG02522,165,3,24,0,27,192
HG02019,167,24,1,0,25,192
HG01851,133,20,36,3,59,192
HG02016,163,4,25,0,29,192
HG01874,169,19,4,0,23,192
HG02057,168,1,23,0,24,192
HG02521,172,15,5,0,20,192
HG02035,155,24,13,0,37,192
HG02025,154,22,16,0,38,192
HG02128,168,23,1,0,24,192
HG01862,153,24,15,0,39,192
HG02134,156,23,13,0,36,192
HG02082,154,16,22,0,38,192
HG02122,152,36,4,0,40,192
HG01870,186,4,1,1,6,192
HG02136,166,22,4,0,26,192
HG01852,179,0,0,13,13,192
HG02137,153,25,14,0,39,192
HG01850,166,1,3,22,26,192
HG01857,167,2,1,22,25,192
HG02061,152,24,16,0,40,192
HG02142,155,14,23,0,37,192
HG01863,168,1,23,0,24,192
HG02026,156,13,23,0,36,192
HG01871,178,13,1,0,14,192
HG02141,184,4,4,0,8,192
HG01873,167,4,21,0,25,192
HG02049,175,14,3,0,17,192
HG02086,177,13,2,0,15,192
HG02113,185,3,4,0,7,192
HG01847,174,4,14,0,18,192
