vn_genome_ids,c00,c01,c10,c11,c1s,c_sum
HG02513,63,0,0,0,0,63
HG02138,61,0,2,0,2,63
HG02075,38,4,17,4,25,63
HG02031,38,5,16,4,25,63
HG02084,63,0,0,0,0,63
HG02047,56,1,6,0,7,63
HG01597,54,1,2,6,9,63
HG01849,53,8,2,0,10,63
HG02023,63,0,0,0,0,63
HG01846,42,0,21,0,21,63
HG02081,63,0,0,0,0,63
HG01599,62,1,0,0,1,63
HG01866,62,1,0,0,1,63
HG02064,61,1,1,0,2,63
HG02069,54,9,0,0,9,63
HG02087,63,0,0,0,0,63
HG02017,55,8,0,0,8,63
HG01864,53,8,2,0,10,63
HG01868,56,0,7,0,7,63
HG01596,54,8,1,0,9,63
HG02072,53,0,10,0,10,63
HG02079,55,0,8,0,8,63
HG01600,41,2,1,19,22,63
HG02140,55,8,0,0,8,63
HG01841,38,17,4,4,25,63
HG02020,55,0,0,8,8,63
HG01878,55,0,0,8,8,63
HG02085,54,0,9,0,9,63
HG01598,63,0,0,0,0,63
HG01872,55,0,8,0,8,63
HG02073,54,8,1,0,9,63
HG01845,53,1,9,0,10,63
HG02032,55,0,0,8,8,63
HG02088,55,0,0,8,8,63
HG01840,54,8,1,0,9,63
HG01855,55,0,8,0,8,63
HG02050,55,0,8,0,8,63
HG01844,55,8,0,0,8,63
HG02067,53,10,0,0,10,63
HG02133,61,2,0,0,2,63
HG02127,43,20,0,0,20,63
HG02512,55,8,0,0,8,63
HG02040,54,1,0,8,9,63
HG01859,37,4,18,4,26,63
HG02078,54,1,0,8,9,63
HG02070,55,0,8,0,8,63
HG02029,54,1,8,0,9,63
HG02116,57,0,6,0,6,63
HG01842,53,8,2,0,10,63
HG01867,61,0,0,2,2,63
HG02060,55,8,0,0,8,63
HG01843,41,0,22,0,22,63
HG02028,63,0,0,0,0,63
HG01861,55,8,0,0,8,63
HG01869,63,0,0,0,0,63
HG01865,63,0,0,0,0,63
HG01848,61,2,0,0,2,63
HG02048,63,0,0,0,0,63
HG02130,53,1,9,0,10,63
HG01595,52,2,1,8,11,63
HG01860,41,22,0,0,22,63
HG01853,54,0,9,0,9,63
HG02139,55,8,0,0,8,63
HG02121,62,1,0,0,1,63
HG01858,62,0,1,0,1,63
HG02058,63,0,0,0,0,63
HG02076,55,0,0,8,8,63
HG02131,51,2,10,0,12,63
HG02522,60,3,0,0,3,63
HG02019,56,6,1,0,7,63
HG01851,49,0,14,0,14,63
HG02016,54,2,0,7,9,63
HG01874,63,0,0,0,0,63
HG02057,55,0,8,0,8,63
HG02521,55,0,8,0,8,63
HG02035,55,8,0,0,8,63
HG02025,59,1,3,0,4,63
HG02128,55,8,0,0,8,63
HG01862,60,1,2,0,3,63
HG02134,61,2,0,0,2,63
HG02082,55,0,8,0,8,63
HG02122,63,0,0,0,0,63
HG01870,63,0,0,0,0,63
HG02136,54,3,6,0,9,63
HG01852,63,0,0,0,0,63
HG02137,63,0,0,0,0,63
HG01850,62,1,0,0,1,63
HG01857,61,1,1,0,2,63
HG02061,63,0,0,0,0,63
HG02142,63,0,0,0,0,63
HG01863,62,1,0,0,1,63
HG02026,57,0,6,0,6,63
HG01871,52,8,3,0,11,63
HG02141,55,8,0,0,8,63
HG01873,41,20,2,0,22,63
HG02049,55,0,0,8,8,63
HG02086,55,8,0,0,8,63
HG02113,55,0,0,8,8,63
HG01847,62,0,1,0,1,63
